  -3.6644470e-03   4.5915418e-03
   6.5656772e-03   7.0273185e-03
  -4.9635167e-03  -4.3036434e-03
   5.1714088e-03  -6.2132690e-05
   5.4008401e-05   3.3902580e-04
  -7.6782160e-03   9.6800875e-03
   6.0415707e-03   2.7898531e-03
  -5.3865285e-03  -1.1280413e-02
   9.0158812e-04  -1.3071506e-02
  -8.4692420e-03  -1.0711036e-02
   9.0966152e-01  -2.8102006e-03
   9.1606483e-01   3.8928990e-03
   9.2013563e-01   1.8109714e-02
   9.0391155e-01   2.0585179e-02
   9.2481793e-01   6.2211773e-02
   9.1381763e-01   7.7593838e-02
   9.2458958e-01   1.3238983e-01
   9.2312787e-01   1.6638792e-01
   9.2702747e-01   1.9714877e-01
   9.2789845e-01   2.0880617e-01
   9.2226768e-01   2.4436662e-01
   9.1166687e-01   2.7381219e-01
   9.0743063e-01   2.9199169e-01
   9.2164731e-01   3.3045602e-01
   9.0321278e-01   3.5720671e-01
   9.2230980e-01   3.6303330e-01
   9.0482564e-01   3.9140071e-01
   9.1500738e-01   4.2823174e-01
   9.1523554e-01   4.4102690e-01
   9.0424683e-01   4.4645909e-01
   9.2729497e-01   4.5075461e-01
   9.2560588e-01   4.7769222e-01
   9.1098550e-01   4.7338064e-01
   9.2550679e-01   5.0801659e-01
   9.0460541e-01   5.0022359e-01
   9.1681534e-01   4.9677484e-01
   9.2646873e-01   5.1236341e-01
   9.1016058e-01   5.1015414e-01
   9.2098628e-01   5.2260265e-01
   9.1675572e-01   5.2088017e-01
   9.0778307e-01   5.2809561e-01
   9.2197995e-01   5.3359539e-01
   9.0527797e-01   5.5603850e-01
   9.0394631e-01   5.4540453e-01
   9.0932220e-01   5.6663951e-01
   9.1740559e-01   5.4828164e-01
   9.2738937e-01   5.6705238e-01
   9.1134755e-01   5.6958377e-01
   9.1473372e-01   5.6679573e-01
   9.2000194e-01   5.5896263e-01
   9.0876899e-01   5.7573747e-01
   9.1473786e-01   5.5671364e-01
   9.1532542e-01   5.7443335e-01
   9.0312945e-01   5.7812765e-01
   9.0906162e-01   5.5947227e-01
   9.2552057e-01   5.5754689e-01
   9.2682662e-01   5.7874235e-01
   9.1087646e-01   5.5752810e-01
   9.0264120e-01   5.7900046e-01
   9.0754142e-01   5.5770619e-01
   9.1476930e-01   5.5673668e-01
   9.0830975e-01   5.6539237e-01
   9.1539946e-01   5.6882064e-01
   9.1216906e-01   5.7374919e-01
   9.1624646e-01   5.7762170e-01
   9.2252568e-01   5.5985005e-01
   9.2203179e-01   5.6415453e-01
   9.0910477e-01   5.6147116e-01
   9.1433289e-01   5.6501069e-01
   9.1517550e-01   5.8104849e-01
   9.1773412e-01   5.8476891e-01
   9.1991140e-01   5.6865283e-01
   9.2666763e-01   5.6799181e-01
   9.0818125e-01   5.8378272e-01
   9.2216901e-01   5.8527851e-01
   9.0364295e-01   5.8368257e-01
   9.1583506e-01   5.6398264e-01
   9.0305045e-01   5.6103374e-01
   9.1981915e-01   5.5711079e-01
  -2.1776794e-01   5.6380286e-01
  -2.2664495e-01   5.6868567e-01
  -2.1639270e-01   5.4784265e-01
  -2.2574257e-01   5.5120723e-01
  -2.1001539e-01   5.3431583e-01
  -2.2246220e-01   4.9855607e-01
  -2.2383397e-01   4.7201733e-01
  -2.0878164e-01   4.3798237e-01
  -2.2803433e-01   4.0258127e-01
  -2.1332675e-01   3.7847979e-01
  -2.2443375e-01   3.4638619e-01
  -2.0467892e-01   3.2406685e-01
  -2.2855550e-01   3.1179957e-01
  -2.2373608e-01   2.6389438e-01
  -2.1463886e-01   2.6731189e-01
  -2.1052816e-01   2.3761905e-01
  -2.0565942e-01   2.1682047e-01
  -2.2121004e-01   2.1175586e-01
  -2.1917659e-01   1.8196015e-01
  -2.0406541e-01   1.6761223e-01
  -2.0533916e-01   1.6679067e-01
  -2.1273399e-01   1.4306613e-01
  -2.2677618e-01   1.2678108e-01
  -2.0922201e-01   1.3610063e-01
  -2.2928140e-01   1.3246026e-01
  -2.1246940e-01   1.2131790e-01
  -2.2511055e-01   1.2011321e-01
  -2.2319619e-01   9.2845400e-02
  -2.1279037e-01   8.7857506e-02
  -2.1133812e-01   1.1020139e-01
  -2.2298731e-01   9.8821522e-02
  -2.2024913e-01   8.1695753e-02
  -2.2757667e-01   8.8073104e-02
  -2.0599049e-01   8.7535830e-02
  -2.1852846e-01   8.1582597e-02
  -2.1777608e-01   6.8541291e-02
  -2.1219174e-01   8.0388755e-02
  -2.0737478e-01   7.1987785e-02
  -2.2804986e-01   7.8782010e-02
  -2.1210656e-01   5.8381563e-02
  -2.2538555e-01   7.3926093e-02
  -2.0386602e-01   8.1896299e-02
  -2.0721827e-01   6.7908231e-02
  -2.2866902e-01   8.1292011e-02
  -2.1218602e-01   6.8219450e-02
  -2.2213214e-01   8.0161344e-02
  -2.1652675e-01   6.7104446e-02
  -2.1794720e-01   5.9768348e-02
  -2.2756823e-01   7.4017442e-02
  -2.0684459e-01   7.5821519e-02
  -2.2806255e-01   5.4077497e-02
  -2.0369777e-01   7.6638559e-02
  -2.1406420e-01   6.7870224e-02
  -2.0605653e-01   6.4110993e-02
  -2.1856939e-01   7.6095473e-02
  -2.1798639e-01   5.5140121e-02
  -2.0894450e-01   6.7461066e-02
  -2.2584899e-01   7.2255414e-02
  -2.1242084e-01   5.9915146e-02
  -2.0973535e-01   6.5311550e-02
  -2.1514783e-01   7.7483760e-02
  -2.1909294e-01   4.8649234e-02
  -2.2044557e-01   5.5325377e-02
  -2.0479628e-01   5.1911462e-02
  -2.1957413e-01   6.5791396e-02
  -2.2913025e-01   6.4740149e-02
  -2.1624716e-01   5.8341757e-02
  -2.1650551e-01   5.5870743e-02
  -2.2203755e-01   6.2709679e-02
  -1.5984073e-01   7.4061651e-02
  -1.4514469e-01   5.3787530e-02
  -1.4992463e-01   5.0978242e-02
  -1.5958915e-01   7.3339103e-02
  -1.5786837e-01   4.6293437e-02
  -1.6454887e-01   6.1667648e-02
  -1.6551205e-01   4.8136480e-02
  -1.5631292e-01   5.4227572e-02
  -1.6382381e-01   4.8545495e-02
  -1.5761102e-01   6.5297695e-02
  -1.5412664e-01   5.5366340e-02
  -1.6485589e-01   4.1927224e-02
  -1.4420276e-01   4.2901818e-02
  -1.5247232e-01   4.7762435e-02
  -1.5111139e-01   3.7398700e-02
  -1.4214928e-01   4.4166331e-02
  -1.5818086e-01   5.3768998e-02
  -1.6790067e-01   4.4902147e-02
  -1.6050320e-01   3.1570009e-02
  -1.4772729e-01   5.9118776e-02
  -1.5393498e-01   5.2031600e-02
  -1.4341559e-01   4.0716183e-02
  -1.5144526e-01   2.9143421e-02
  -1.6358060e-01   5.7035554e-02
  -1.5804788e-01   5.1277881e-02
  -1.4563728e-01   4.6976985e-02
  -1.4650953e-01   3.5866799e-02
  -1.4409605e-01   5.1778919e-02
  -1.4748098e-01   3.1405079e-02
  -1.5691598e-01   2.9771833e-02
  -1.5550516e-01   5.4346622e-02
  -1.4621923e-01   4.4276243e-02
  -1.6345233e-01   3.4780913e-02
  -1.6541768e-01   3.7425011e-02
  -1.6336007e-01   4.9100818e-02
  -1.5923221e-01   5.4124475e-02
  -1.4528483e-01   3.6784909e-02
  -1.4678218e-01   5.0808301e-02
  -1.6011400e-01   3.1935165e-02
  -1.6751452e-01   3.9563963e-02
  -1.4770198e-01   3.3527534e-02
  -1.4793572e-01   4.3194634e-02
  -1.4404896e-01   3.5325848e-02
  -1.6581416e-01   4.1185712e-02
  -1.6454909e-01   4.2279331e-02
  -1.5052211e-01   3.3340283e-02
  -1.5442802e-01   4.6204530e-02
  -1.4468698e-01   2.6007263e-02
  -1.5083159e-01   5.4651516e-02
  -1.6081238e-01   4.8591933e-02
  -1.5304197e-01   3.1227970e-02
  -1.6215556e-01   3.6004688e-02
  -1.5194498e-01   5.2596725e-02
  -1.5505063e-01   3.7629220e-02
  -1.5327725e-01   4.2390602e-02
  -1.4431772e-01   5.4308383e-02
  -1.6307976e-01   4.5094228e-02
  -1.4709672e-01   4.0197202e-02
  -1.5960357e-01   4.7686836e-02
  -1.5472606e-01   4.1000458e-02
  -1.4654988e-01   5.2526165e-02
  -1.6010320e-01   4.3852099e-02
  -1.4354388e-01   3.9004861e-02
  -1.5299270e-01   5.0673687e-02
  -1.4515846e-01   3.5367020e-02
  -1.5579878e-01   5.3464608e-02
  -1.4260655e-01   3.8765669e-02
  -1.6095886e-01   5.3699232e-02
  -1.5853333e-01   2.8145161e-02
   7.1699823e-01   3.0959097e-02
   7.1200460e-01   5.0964001e-02
   7.1659189e-01   4.5608546e-02
   7.2405506e-01   4.7862881e-02
   7.1028417e-01   6.6749605e-02
   7.1703919e-01   7.1432550e-02
   7.0501463e-01   8.1492242e-02
   7.1520874e-01   7.2330772e-02
   7.1615526e-01   8.3596415e-02
   7.2313156e-01   9.4581581e-02
   7.2471178e-01   1.0428249e-01
   7.1097568e-01   1.1898917e-01
   7.0265184e-01   1.1726220e-01
   7.2177744e-01   1.1187889e-01
   7.1786901e-01   1.4271984e-01
   7.2434751e-01   1.4527998e-01
   7.2389368e-01   1.4160262e-01
   7.2496247e-01   1.3360521e-01
   7.1012502e-01   1.5431366e-01
   7.0492772e-01   1.6268464e-01
   7.1939760e-01   1.4325110e-01
   7.2499336e-01   1.5462303e-01
   7.0836079e-01   1.5967734e-01
   7.2110759e-01   1.4856353e-01
   7.1936301e-01   1.5033595e-01
   7.1415538e-01   1.5844712e-01
   7.1034403e-01   1.7825227e-01
   7.1303740e-01   1.7728118e-01
   7.0224232e-01   1.6339437e-01
   7.1768572e-01   1.7454055e-01
   7.0431003e-01   1.7666709e-01
   7.1630718e-01   1.8848171e-01
   7.0124020e-01   1.6264621e-01
   7.0163987e-01   1.6160918e-01
   7.1106950e-01   1.7008374e-01
   7.1494578e-01   1.6876905e-01
   7.0346623e-01   1.6672123e-01
   7.2027481e-01   1.7025274e-01
   7.1422762e-01   1.7033558e-01
   7.2361225e-01   1.7494903e-01
   7.0658927e-01   1.8614444e-01
   7.0462062e-01   1.6501935e-01
   7.2377371e-01   1.8484230e-01
   7.1778033e-01   1.9452089e-01
   7.1858711e-01   1.8616149e-01
   7.0525978e-01   1.9291012e-01
   7.0921843e-01   1.7278133e-01
   7.2393285e-01   1.6843175e-01
   7.1298620e-01   1.8697564e-01
   7.1794950e-01   1.6993541e-01
   7.1628878e-01   1.6920783e-01
   7.2580887e-01   1.8696299e-01
   7.0517696e-01   1.9169940e-01
   7.1604268e-01   1.8828411e-01
   7.1612708e-01   1.7141120e-01
   7.1806199e-01   1.9428766e-01
   7.1166815e-01   1.6940086e-01
   7.2485755e-01   1.8360698e-01
   7.2636994e-01   1.6692976e-01
   7.0428296e-01   1.7909214e-01
   7.1199522e-01   1.8734905e-01
   7.0662026e-01   1.9378909e-01
   7.2206276e-01   1.7066811e-01
   7.0685169e-01   1.7430299e-01
   7.1253491e-01   1.8566003e-01
   7.2531942e-01   1.8688944e-01
   7.0444495e-01   1.8836738e-01
   7.0747777e-01   1.7298165e-01
   7.0605534e-01   1.7686098e-01
  -7.9844594e-01   1.7386200e-01
  -7.9579481e-01   1.9288682e-01
  -8.0405277e-01   1.8105260e-01
  -8.0568702e-01   1.9889763e-01
  -7.9918981e-01   2.3485954e-01
  -7.9831975e-01   2.7078252e-01
  -8.1360130e-01   3.1403916e-01
  -8.1204613e-01   3.3196643e-01
  -7.9072462e-01   3.7295630e-01
  -8.1309678e-01   3.9489258e-01
  -7.9997086e-01   4.3266490e-01
  -8.0076240e-01   4.5455601e-01
  -8.0572334e-01   4.9182398e-01
  -8.1383086e-01   5.0169084e-01
  -8.0864651e-01   5.4462644e-01
  -7.9740302e-01   5.4158197e-01
  -7.9384561e-01   5.7759789e-01
  -7.9954989e-01   5.8416635e-01
  -7.9948132e-01   5.9501768e-01
  -8.0056671e-01   6.1902389e-01
  -7.9613889e-01   6.4844964e-01
  -8.0240505e-01   6.4087813e-01
  -7.9054075e-01   6.5190268e-01
  -7.9225104e-01   6.7158092e-01
  -8.0381600e-01   6.7740823e-01
  -8.0284593e-01   6.9714505e-01
  -8.0899173e-01   6.8713332e-01
  -8.0047816e-01   6.8734246e-01
  -7.9417172e-01   7.0124265e-01
  -8.0211047e-01   7.1859186e-01
  -7.9511040e-01   7.1615669e-01
  -7.9254710e-01   7.2858995e-01
  -7.8948911e-01   7.2709248e-01
  -8.0341519e-01   7.1910787e-01
  -7.9866015e-01   7.3797146e-01
  -7.9930820e-01   7.2078899e-01
  -8.0495832e-01   7.3437542e-01
  -8.0663826e-01   7.3795962e-01
  -8.0783759e-01   7.3317778e-01
  -7.9301182e-01   7.2256994e-01
  -8.1214573e-01   7.2833440e-01
  -8.1159083e-01   7.2785917e-01
  -7.9665386e-01   7.2498073e-01
  -7.9297777e-01   7.2830354e-01
  -8.0181333e-01   7.5395879e-01
  -8.0369210e-01   7.2831593e-01
  -7.9175240e-01   7.4666787e-01
  -8.0539687e-01   7.4445867e-01
  -7.9683808e-01   7.4876504e-01
  -8.0929520e-01   7.5112295e-01
  -8.1107853e-01   7.4245245e-01
  -8.1420216e-01   7.3639074e-01
  -7.9567760e-01   7.5074150e-01
  -7.9983388e-01   7.4892792e-01
  -7.9762251e-01   7.6020811e-01
  -8.1414148e-01   7.5852118e-01
  -8.0157285e-01   7.3857035e-01
  -7.9693420e-01   7.3506481e-01
  -8.0026601e-01   7.3165524e-01
  -8.0578011e-01   7.4572147e-01
  -8.0653057e-01   7.4057083e-01
  -7.9843553e-01   7.3805603e-01
  -7.9585009e-01   7.5760531e-01
  -8.1025823e-01   7.5252999e-01
  -8.0623711e-01   7.5110902e-01
  -7.9680436e-01   7.3429539e-01
  -8.0306359e-01   7.4140930e-01
  -7.9600867e-01   7.3482959e-01
  -8.1334139e-01   7.3844558e-01
  -6.4236497e-01   7.4555015e-01
  -6.3453563e-01   7.5898678e-01
  -6.3874995e-01   7.3311568e-01
  -6.4699391e-01   7.3805630e-01
  -6.3194833e-01   7.0966888e-01
  -6.4013987e-01   7.0177492e-01
  -6.5084866e-01   6.6509801e-01
  -6.3444484e-01   6.5464111e-01
  -6.4233122e-01   6.4653265e-01
  -6.3929142e-01   6.1815268e-01
  -6.3989037e-01   5.9575147e-01
  -6.4200647e-01   5.9439433e-01
  -6.3314702e-01   5.6469923e-01
  -6.5265820e-01   5.4495703e-01
  -6.4387959e-01   5.5670805e-01
  -6.4620155e-01   5.2409927e-01
  -6.3876181e-01   5.2144922e-01
  -6.5217109e-01   5.1023746e-01
  -6.4886766e-01   5.0488790e-01
  -6.5539793e-01   4.9583740e-01
  -6.4552195e-01   4.8610444e-01
  -6.3418331e-01   4.8629017e-01
  -6.5383841e-01   4.6047483e-01
  -6.5580815e-01   4.6171029e-01
  -6.3684708e-01   4.5532657e-01
  -6.5605266e-01   4.7021139e-01
  -6.3313428e-01   4.5550100e-01
  -6.3528904e-01   4.3868965e-01
  -6.4625850e-01   4.6144385e-01
  -6.4139681e-01   4.5577181e-01
  -6.3932549e-01   4.3099671e-01
  -6.4703056e-01   4.5386143e-01
  -6.3744616e-01   4.4836439e-01
  -6.4849050e-01   4.2875167e-01
  -6.4457632e-01   4.4051408e-01
  -6.4915469e-01   4.3068887e-01
  -6.5365847e-01   4.2855087e-01
  -6.5092533e-01   4.3240469e-01
  -6.3173057e-01   4.3834488e-01
  -6.5325400e-01   4.1736867e-01
  -6.5080447e-01   4.3530768e-01
  -6.4851031e-01   4.1887031e-01
  -6.4313850e-01   4.1571244e-01
  -6.4631195e-01   4.2469086e-01
  -6.5362553e-01   4.2369910e-01
  -6.5305907e-01   4.3252726e-01
  -6.5002026e-01   4.1571525e-01
  -6.5084068e-01   4.1966321e-01
  -6.4770725e-01   4.2499474e-01
  -6.4493982e-01   4.2506504e-01
  -6.3881734e-01   4.3297590e-01
  -6.3440695e-01   4.1062355e-01
  -6.5620503e-01   4.2380279e-01
  -6.3275435e-01   4.2961571e-01
  -6.3517004e-01   4.2072521e-01
  -6.3746731e-01   4.3583047e-01
  -6.5354337e-01   4.1102200e-01
  -6.5250584e-01   4.2629480e-01
  -6.3337527e-01   4.3186236e-01
  -6.3517164e-01   4.1387998e-01
  -6.5133948e-01   4.1807055e-01
  -6.4270708e-01   4.1455602e-01
  -6.4066205e-01   4.3100517e-01
  -6.5337127e-01   4.1407038e-01
  -6.3272316e-01   4.2600887e-01
  -6.5016218e-01   4.3716206e-01
  -6.4270715e-01   4.1585368e-01
  -6.3463185e-01   4.3111410e-01
  -6.3416240e-01   4.2933042e-01
  -1.0549514e-01   4.2410591e-01
  -1.0073597e-01   4.0778340e-01
  -1.0285391e-01   4.1525525e-01
  -1.0944221e-01   4.0300822e-01
  -1.0147628e-01   3.8956093e-01
  -1.1706757e-01   3.6464287e-01
  -1.0340040e-01   3.5049322e-01
  -1.0496783e-01   3.2400361e-01
  -1.1397534e-01   2.8713163e-01
  -1.0176972e-01   2.7079789e-01
  -1.1115306e-01   2.4081737e-01
  -1.0520810e-01   2.1959629e-01
  -1.0777793e-01   2.0851219e-01
  -1.1378405e-01   1.8202898e-01
  -9.7325175e-02   1.6199884e-01
  -9.8111614e-02   1.6712427e-01
  -1.0085618e-01   1.3332034e-01
  -9.7453439e-02   1.4461506e-01
  -9.5777051e-02   1.3080312e-01
  -1.1363786e-01   1.0298285e-01
  -1.0127937e-01   9.4088266e-02
  -1.0427411e-01   8.8042430e-02
  -1.0905667e-01   9.3714485e-02
  -1.1289261e-01   9.1905036e-02
  -1.1054558e-01   6.3662711e-02
  -1.1461237e-01   6.4268595e-02
  -1.0886834e-01   7.4400579e-02
  -1.1964325e-01   7.0467231e-02
  -9.9674656e-02   4.7694718e-02
  -1.0739445e-01   4.8467158e-02
  -9.5338931e-02   4.8814280e-02
  -1.0640847e-01   5.7437249e-02
  -1.0876452e-01   5.8357773e-02
  -1.0293541e-01   2.9706820e-02
  -1.1120700e-01   4.8004680e-02
  -1.1167778e-01   5.0954543e-02
  -1.0988998e-01   4.7338983e-02
  -1.0583381e-01   3.6253851e-02
  -9.9760268e-02   3.2752238e-02
  -1.0100811e-01   4.6046875e-02
  -1.2061976e-01   3.9900200e-02
  -1.0833680e-01   3.3986876e-02
  -1.0854542e-01   2.6810953e-02
  -9.7240372e-02   3.7229177e-02
  -1.1316522e-01   3.0191825e-02
  -1.0614717e-01   2.2026933e-02
  -9.5365222e-02   1.5416284e-02
  -9.7191090e-02   4.2019694e-02
  -1.0259005e-01   3.4413059e-02
  -1.0736789e-01   4.2668070e-02
  -1.0301177e-01   4.3100651e-02
  -1.0864288e-01   2.4239849e-02
  -1.1574661e-01   2.3093950e-02
  -1.0588673e-01   2.8369566e-02
  -1.0592525e-01   1.4889340e-02
  -1.1099583e-01   3.4053710e-02
  -1.1777208e-01   3.8837630e-02
  -9.5774987e-02   3.6346368e-02
  -9.8820521e-02   1.3572106e-02
  -1.0133512e-01   3.0454109e-02
  -1.1554758e-01   2.9265368e-02
  -9.8766995e-02   2.6939008e-02
  -1.2011615e-01   4.1403896e-02
  -1.0622600e-01   1.3344904e-02
  -1.0047778e-01   1.9367631e-02
  -9.4970982e-02   2.7073924e-02
  -1.1972702e-01   1.9795980e-02
  -1.1211372e-01   1.6871375e-02
  -1.0914856e-01   2.7405696e-02
  -1.7740916e-01   1.7453402e-02
  -1.7062821e-01   2.5890777e-02
  -1.8592465e-01   3.9922397e-02
  -1.7521599e-01   1.4018876e-02
  -1.7588079e-01   2.2578342e-02
  -1.7347902e-01   4.1640853e-02
  -1.7052246e-01   2.2125472e-02
  -1.6325448e-01   2.0530638e-02
  -1.6928417e-01   3.8631115e-02
  -1.8497313e-01   2.8855258e-02
  -1.8488701e-01   3.6677461e-02
  -1.7376549e-01   5.0401820e-02
  -1.8171152e-01   2.5898248e-02
  -1.8289135e-01   5.2674424e-02
  -1.8460818e-01   4.9851678e-02
  -1.7927757e-01   5.2013172e-02
  -1.8202657e-01   2.8503590e-02
  -1.6703338e-01   3.8198383e-02
  -1.8511908e-01   3.2989624e-02
  -1.7357204e-01   3.5110969e-02
  -1.8723131e-01   5.0369407e-02
  -1.6562695e-01   3.6294402e-02
  -1.8228162e-01   5.7933511e-02
  -1.8742102e-01   4.6196646e-02
  -1.7464133e-01   3.2845451e-02
  -1.6527681e-01   4.3325653e-02
  -1.7441643e-01   5.6102734e-02
  -1.8136253e-01   4.9640785e-02
  -1.6427954e-01   5.6727148e-02
  -1.8565845e-01   3.0713981e-02
  -1.6735264e-01   4.0294442e-02
  -1.7027790e-01   4.6411835e-02
  -1.6232678e-01   5.3330675e-02
  -1.6182641e-01   4.3458775e-02
  -1.7213126e-01   5.9050115e-02
  -1.6333214e-01   5.7350758e-02
  -1.7476978e-01   6.1277059e-02
  -1.7532615e-01   3.4930067e-02
  -1.6487016e-01   4.2831384e-02
  -1.7477062e-01   3.5267871e-02
  -1.6825256e-01   4.3663936e-02
  -1.8427697e-01   4.2578758e-02
  -1.6709199e-01   3.8599007e-02
  -1.7543242e-01   3.2694087e-02
  -1.7579938e-01   3.2370800e-02
  -1.7694315e-01   5.5386960e-02
  -1.7007506e-01   4.4709609e-02
  -1.8329414e-01   5.6281274e-02
  -1.7744054e-01   5.9914524e-02
  -1.6981426e-01   3.3791931e-02
  -1.8512211e-01   4.4609387e-02
  -1.6692702e-01   3.8881107e-02
  -1.7466610e-01   3.7363510e-02
  -1.7673927e-01   5.7219275e-02
  -1.6650674e-01   4.9328870e-02
  -1.6239353e-01   4.0407972e-02
  -1.6994373e-01   4.2395751e-02
  -1.8449863e-01   5.9904572e-02
  -1.6181564e-01   3.9559625e-02
  -1.6445253e-01   3.6561176e-02
  -1.8179123e-01   3.6773267e-02
  -1.8493915e-01   5.9448887e-02
  -1.8672896e-01   5.4614744e-02
  -1.6390361e-01   5.3076068e-02
  -1.6473185e-01   6.1403203e-02
  -1.7824981e-01   5.8219623e-02
  -1.6919196e-01   3.6443224e-02
  -1.6886451e-01   5.2175074e-02
  -1.7174460e-01   4.3438552e-02
   1.1087303e-01   4.6933736e-02
   1.2628141e-01   5.7991635e-02
   1.1705781e-01   3.4896729e-02
   1.2454107e-01   4.3536428e-02
   1.2463307e-01   3.7600918e-02
   1.0976819e-01   5.0353585e-02
   1.1240264e-01   2.0700168e-02
   1.1187247e-01   2.5683148e-02
   1.0533294e-01   3.3601168e-02
   1.1076323e-01   1.4036507e-02
   1.1807554e-01   1.4351712e-02
   1.2023014e-01   2.7514318e-02
   1.0775460e-01   2.4627529e-02
   1.1594202e-01   1.0772659e-02
   1.0634617e-01   1.0502311e-02
   1.1368113e-01  -5.1612738e-03
   1.0486345e-01  -6.2779881e-03
   1.1146171e-01  -1.2471965e-02
   1.2578214e-01  -9.6421605e-03
   1.1615449e-01  -1.1572016e-02
   1.2339533e-01  -1.5487361e-02
   1.0992418e-01  -2.1077330e-02
   1.2010895e-01  -2.3323970e-02
   1.1707784e-01  -1.6687925e-02
   1.1426374e-01  -8.0983457e-03
   1.1273414e-01  -2.5480280e-02
   1.1868587e-01  -2.3858007e-02
   1.1524943e-01  -1.3904910e-02
   1.1478906e-01  -2.6866284e-02
   1.0342532e-01  -1.4760760e-02
   1.1403004e-01  -6.7737505e-03
   1.1813733e-01  -1.9866929e-02
   1.2266145e-01  -3.1026949e-02
   1.2264633e-01  -6.8655633e-03
   1.1325851e-01  -2.2690728e-02
   1.2344038e-01  -2.3219996e-02
   1.1006428e-01  -1.3154521e-02
   1.0677195e-01  -2.4320174e-02
   1.0431351e-01  -1.3261466e-02
   1.2213118e-01  -3.4622242e-02
   1.2020076e-01  -7.2847668e-03
   1.2506022e-01  -1.8040969e-02
   1.1655048e-01  -2.7995225e-02
   1.0864278e-01  -1.1649670e-02
   1.2240073e-01  -9.6454513e-03
   1.1320779e-01  -2.2579195e-02
   1.2651466e-01  -1.2793279e-02
   1.1444251e-01  -2.0279399e-02
   1.2711248e-01  -1.0606838e-02
   1.1971559e-01  -1.9972111e-02
   1.2773697e-01  -2.1109013e-02
   1.0682594e-01  -7.8919073e-03
   1.1286356e-01  -1.6930031e-02
   1.2122038e-01  -3.3051995e-02
   1.2931558e-01  -8.7773781e-03
   1.0941387e-01  -3.3163656e-02
   1.1312808e-01  -9.6446500e-03
   1.2180116e-01  -3.0912430e-02
   1.0475622e-01  -1.5986578e-02
   1.1822292e-01  -3.0289704e-02
   1.1575442e-01  -2.0259471e-02
   1.2554697e-01  -2.5560143e-02
   1.1255998e-01  -2.9625790e-02
   1.0768656e-01  -2.2968429e-02
   1.1713944e-01  -2.6414716e-02
   1.1231182e-01  -1.2264736e-02
   1.1465612e-01  -3.3227984e-02
   1.0513431e-01  -2.2576640e-02
   1.0526351e-01  -2.5374561e-02
  -4.3963386e-01  -7.0732715e-03
  -4.4312193e-01  -7.2344640e-03
  -4.2740989e-01  -1.3857298e-02
  -4.2724234e-01  -2.6353588e-03
  -4.2906272e-01  -7.6166921e-03
  -4.3472674e-01   3.3668540e-03
  -4.3397248e-01   1.6931000e-02
  -4.2415851e-01   2.2653494e-02
  -4.2358426e-01   3.4690766e-02
  -4.2730931e-01   5.5994317e-02
  -4.3299271e-01   7.9485504e-02
  -4.2458425e-01   8.6719971e-02
  -4.2650291e-01   7.1513644e-02
  -4.2918190e-01   1.0570281e-01
  -4.3421495e-01   8.9641974e-02
  -4.2792404e-01   1.0828137e-01
  -4.3646729e-01   1.2235035e-01
  -4.2769168e-01   1.2461419e-01
  -4.3309621e-01   1.3712747e-01
  -4.2371262e-01   1.3974515e-01
  -4.2297732e-01   1.2631431e-01
  -4.3317915e-01   1.5264672e-01
  -4.3665363e-01   1.6288225e-01
  -4.3471591e-01   1.6673662e-01
  -4.4207664e-01   1.5780715e-01
  -4.3094292e-01   1.5867349e-01
  -4.4003273e-01   1.6908921e-01
  -4.2285639e-01   1.6614706e-01
  -4.3257536e-01   1.5955588e-01
  -4.4041338e-01   1.6282483e-01
  -4.2307409e-01   1.5397357e-01
  -4.3044372e-01   1.6999697e-01
  -4.3473283e-01   1.7425321e-01
  -4.2406031e-01   1.5844009e-01
  -4.2356602e-01   1.7900005e-01
  -4.3703596e-01   1.6960097e-01
  -4.2488625e-01   1.8840014e-01
  -4.1993260e-01   1.7664748e-01
  -4.4281723e-01   1.6349208e-01
  -4.2548514e-01   1.7681351e-01
  -4.4203530e-01   1.7145155e-01
  -4.2842557e-01   1.7151661e-01
  -4.2500401e-01   1.6912529e-01
  -4.2623800e-01   1.7840477e-01
  -4.2173695e-01   1.8212269e-01
  -4.2311375e-01   1.8163476e-01
  -4.3802229e-01   1.7323782e-01
  -4.3861379e-01   1.7030107e-01
  -4.3607515e-01   1.8023869e-01
  -4.3137355e-01   1.8952058e-01
  -4.3961478e-01   1.8198282e-01
  -4.2572263e-01   1.9289755e-01
  -4.2889693e-01   1.6708345e-01
  -4.2467747e-01   1.6902213e-01
  -4.2771575e-01   1.6853953e-01
  -4.3262305e-01   1.9382998e-01
  -4.4260386e-01   1.6715478e-01
  -4.3540559e-01   1.7531423e-01
  -4.3655817e-01   1.7174262e-01
  -4.4192959e-01   1.7766130e-01
  -4.3876262e-01   1.8872431e-01
  -4.2745194e-01   1.7989342e-01
  -4.1853411e-01   1.6655715e-01
  -4.2696747e-01   1.7381192e-01
  -4.2795604e-01   1.9334164e-01
  -4.2357787e-01   1.7152749e-01
  -4.2282579e-01   1.7969844e-01
  -4.3663598e-01   1.9052680e-01
  -4.4043945e-01   1.7643966e-01
  -1.1085654e-01   1.7473199e-01
  -1.0390503e-01   1.6972643e-01
  -1.2527165e-01   1.8873137e-01
  -1.1910712e-01   1.8388311e-01
  -1.1105405e-01   1.7680016e-01
  -1.1855477e-01   1.4881282e-01
  -1.1605410e-01   1.3493670e-01
  -1.1103143e-01   1.5041884e-01
  -1.1529872e-01   1.3379499e-01
  -1.2265266e-01   1.0933895e-01
  -1.1363360e-01   1.1232520e-01
  -1.1361765e-01   1.1273320e-01
  -1.0299293e-01   9.6478437e-02
  -1.2587962e-01   7.9095061e-02
  -1.2241668e-01   7.7339616e-02
  -1.0210002e-01   8.2702952e-02
  -1.0971372e-01   7.1542739e-02
  -1.1572401e-01   8.3491093e-02
  -1.2492394e-01   5.4990747e-02
  -1.0219630e-01   5.1643435e-02
  -1.1754140e-01   7.0342856e-02
  -1.2255595e-01   5.7675831e-02
  -1.2316324e-01   6.3614115e-02
  -1.2658616e-01   4.4567499e-02
  -1.0936108e-01   4.1652970e-02
  -1.1141375e-01   4.0533513e-02
  -1.2285575e-01   5.3454695e-02
  -1.0879095e-01   4.8365529e-02
  -1.2639206e-01   3.4342097e-02
  -1.2441141e-01   5.2829693e-02
  -1.0111723e-01   4.7421500e-02
  -1.0558765e-01   4.5224492e-02
  -1.2398696e-01   4.0769939e-02
  -1.0870969e-01   2.9460393e-02
  -1.1545247e-01   2.4692069e-02
  -1.0333125e-01   1.7892788e-02
  -1.1105358e-01   2.0243759e-02
  -1.1836716e-01   3.8688699e-02
  -1.0533672e-01   2.0207330e-02
  -1.1399208e-01   3.6877474e-02
  -1.2365421e-01   3.1970166e-02
  -1.2544937e-01   4.2537974e-02
  -1.1536260e-01   1.9580167e-02
  -1.0999540e-01   2.9701338e-02
  -1.1993371e-01   3.5629592e-02
  -1.1393370e-01   1.5443162e-02
  -1.0859983e-01   3.7525462e-02
  -1.1321456e-01   2.3638277e-02
  -1.1327437e-01   1.7624756e-02
  -1.2166064e-01   4.0634439e-02
  -1.2262573e-01   1.8622896e-02
  -1.0592427e-01   1.8912202e-02
  -1.2281497e-01   1.8640639e-02
  -1.0241053e-01   3.1708436e-02
  -1.0219637e-01   2.3698578e-02
  -1.0905963e-01   2.7686973e-02
  -1.0500369e-01   1.7722633e-02
  -1.1683184e-01   2.1434126e-02
  -1.0119508e-01   2.1676593e-02
  -1.1206510e-01   2.3060744e-02
  -1.0308668e-01   2.3175777e-02
  -1.1322635e-01   4.2286306e-02
  -1.1891525e-01   3.4022643e-02
  -1.1187532e-01   2.1497322e-02
  -1.1008041e-01   3.1199773e-02
  -1.0527821e-01   3.0023943e-02
  -1.0969135e-01   3.0268737e-02
  -1.1566478e-01   3.0611239e-02
  -1.1467245e-01   1.3477800e-02
   5.0607774e-01   1.7292356e-02
   5.0422616e-01   1.8366172e-02
   5.0688055e-01   2.8152172e-02
   4.8810683e-01   2.8453560e-02
   5.0581087e-01   2.2037823e-02
   5.0228475e-01   3.2962056e-02
   5.0540552e-01   1.2805904e-02
   4.8755704e-01   7.6659800e-03
   4.9119372e-01   2.6206820e-02
   4.9051694e-01   1.3829579e-02
   5.1281288e-01   2.7954159e-02
   5.0487497e-01   1.5861000e-02
   4.9771479e-01   2.1371029e-02
   4.9769237e-01   2.1174861e-02
   5.0341680e-01   1.7264290e-02
   5.0104664e-01   1.4246231e-02
   5.0166085e-01   2.2204825e-02
   5.1193580e-01   2.1725743e-02
   5.0568140e-01   4.1921930e-03
   4.9530615e-01   2.0157933e-02
   4.9123623e-01  -3.9752812e-03
   5.0818540e-01   6.3849512e-03
   4.9597724e-01  -3.9447353e-03
   4.9221543e-01   1.8971372e-02
   4.8853269e-01  -4.5467343e-03
   5.0411142e-01   2.0422957e-02
   4.9965204e-01   9.6180007e-03
   5.0337198e-01   7.5432969e-03
   5.0247778e-01   1.5822777e-03
   4.9960459e-01   2.1852809e-02
   4.9941631e-01   5.5511924e-04
   5.0034922e-01   1.4844160e-02
   5.0316979e-01   1.1871608e-02
   4.9871768e-01   1.4955852e-02
   5.0590319e-01   2.2967531e-03
   4.8813001e-01  -8.4529116e-04
   4.9862286e-01  -2.9824115e-03
   5.0626038e-01  -5.3976723e-04
   5.0073457e-01   1.2763953e-02
   4.9559738e-01   2.1176164e-02
   4.8981909e-01  -6.3381882e-03
   4.8978048e-01  -4.5982351e-03
   5.0121481e-01   4.9212237e-03
   5.0640073e-01  -7.8407122e-04
   4.9064047e-01   1.3706569e-02
   5.0338571e-01   8.7077883e-03
   4.8902715e-01   9.1236307e-03
   5.0169467e-01   1.5615484e-02
   5.0601212e-01   6.9717958e-03
   4.9925195e-01   9.8735167e-03
   4.9007658e-01   6.0815192e-03
   5.0844693e-01   5.3448021e-03
   4.8815970e-01   1.5586223e-02
   4.9464277e-01  -8.2378580e-03
   4.8993897e-01  -8.2603340e-03
   4.8983961e-01  -3.3568901e-03
   4.9756636e-01   1.1806542e-02
   5.0611633e-01   1.5397050e-02
   4.9708412e-01   9.1499625e-03
   5.1220693e-01  -2.8441929e-03
   5.0893209e-01  -3.4827883e-03
   5.1217762e-01   2.4657876e-04
   5.0903699e-01   6.3005357e-03
   4.9637972e-01  -8.5237528e-03
   4.9941981e-01   6.0074092e-03
   4.9904420e-01  -1.6275616e-03
   4.8773921e-01  -3.8601235e-03
   4.8787393e-01  -7.5954667e-04
   5.0354619e-01  -3.1460311e-03
   2.7337123e-01   1.7713624e-02
   2.7793426e-01   9.1296462e-03
   2.7669902e-01   3.2946246e-03
   2.8273578e-01  -9.5120912e-03
   2.8363465e-01   1.3006196e-02
   2.8141368e-01   1.0979100e-02
   2.8574628e-01   5.3974527e-03
   2.8396878e-01  -4.5123446e-03
   2.7501971e-01  -1.6839699e-02
   2.6864212e-01  -1.1459749e-02
   2.9055040e-01  -9.5490320e-03
   2.8834868e-01  -2.0877639e-02
   2.7771262e-01  -2.1893027e-02
   2.8305182e-01  -3.1279915e-02
   2.7182137e-01  -6.8050364e-03
   2.8184014e-01  -3.0660418e-02
   2.8021737e-01  -1.9040039e-02
   2.8178459e-01  -1.2514161e-02
   2.7955609e-01  -1.9313921e-02
   2.7289061e-01  -3.3938218e-02
   2.7991297e-01  -1.7927729e-02
   2.9234138e-01  -3.0269413e-02
   2.8925864e-01  -2.0016392e-02
   2.7033965e-01  -3.4793999e-02
   2.8468504e-01  -2.2926037e-02
   2.6909663e-01  -4.0787819e-02
   2.7155037e-01  -3.3871175e-02
   2.7542769e-01  -2.0711431e-02
   2.8471954e-01  -2.8132197e-02
   2.7402248e-01  -3.0371785e-02
   2.8011542e-01  -1.6803634e-02
   2.8257264e-01  -3.1909409e-02
   2.7664696e-01  -3.8500952e-02
   2.8966674e-01  -4.1559680e-02
   2.9113556e-01  -4.1300187e-02
   2.6671594e-01  -4.4918198e-02
   2.7121614e-01  -4.7246368e-02
   2.7725258e-01  -3.7776011e-02
   2.8437682e-01  -3.9910135e-02
   2.7045797e-01  -3.5832601e-02
   2.7981753e-01  -4.0070942e-02
   2.9031169e-01  -4.3045146e-02
   2.8536265e-01  -3.8245589e-02
   2.8504576e-01  -2.6629530e-02
   2.7192463e-01  -2.1319341e-02
   2.9122547e-01  -4.3284065e-02
   2.8076687e-01  -3.3374876e-02
   2.7723091e-01  -2.1553905e-02
   2.7981429e-01  -3.2725615e-02
   2.8381802e-01  -3.4155203e-02
   2.6808985e-01  -2.1422562e-02
   2.6705487e-01  -1.9596748e-02
   2.7382469e-01  -2.4142918e-02
   2.8599905e-01  -4.3904814e-02
   2.8308267e-01  -4.5478774e-02
   2.6814098e-01  -2.1878487e-02
   2.7405774e-01  -3.7625617e-02
   2.6917588e-01  -4.1145779e-02
   2.8165328e-01  -1.9511086e-02
   2.7712310e-01  -3.9087355e-02
   2.8668181e-01  -3.6342735e-02
   2.7042177e-01  -3.6810445e-02
   2.7002893e-01  -3.2767119e-02
   2.7494343e-01  -4.4757637e-02
   2.6922094e-01  -2.8348689e-02
   2.9110820e-01  -4.6157794e-02
   2.9133935e-01  -2.0804675e-02
   2.6944209e-01  -4.6194368e-02
   2.8802039e-01  -3.1885762e-02
   6.7626186e-01  -4.0475785e-02
   6.8568628e-01  -2.3852311e-02
   6.8927989e-01  -1.5348154e-02
   6.7936888e-01  -3.8122388e-02
   6.9506923e-01  -1.6533355e-02
   6.8428005e-01  -8.3098429e-03
   6.8499932e-01  -1.0279726e-02
   6.9896003e-01   2.8057934e-02
   6.8547814e-01   2.5008954e-02
   6.9163012e-01   3.4637784e-02
   6.9861196e-01   3.1476366e-02
   6.7889760e-01   5.9807813e-02
   6.7691863e-01   6.9785586e-02
   6.8577703e-01   6.5212971e-02
   6.8918859e-01   9.1213910e-02
   6.8340801e-01   9.3964080e-02
   6.7947039e-01   9.8283081e-02
   6.9086247e-01   1.0551662e-01
   6.9958193e-01   1.0778454e-01
   6.9032058e-01   1.0143572e-01
   6.9454603e-01   9.9932319e-02
   6.9346430e-01   1.0131440e-01
   6.8548654e-01   1.0685218e-01
   6.8405891e-01   1.2863810e-01
   6.8672977e-01   1.3508079e-01
   6.9355755e-01   1.2788311e-01
   6.8527670e-01   1.1715984e-01
   6.7724514e-01   1.3078435e-01
   6.7726155e-01   1.2815020e-01
   6.8732529e-01   1.2085333e-01
   6.9249941e-01   1.5190342e-01
   6.9954886e-01   1.4973594e-01
   6.8545781e-01   1.2888143e-01
   6.9379916e-01   1.5109995e-01
   6.8532449e-01   1.3976369e-01
   6.9770178e-01   1.5436324e-01
   6.9689394e-01   1.5571644e-01
   6.9400154e-01   1.4257884e-01
   6.9040163e-01   1.5042142e-01
   6.8387407e-01   1.3242761e-01
   6.8994689e-01   1.4532927e-01
   6.7824392e-01   1.5110356e-01
   6.8131791e-01   1.5589662e-01
   6.8404068e-01   1.5532794e-01
   6.8602804e-01   1.3539433e-01
   6.8950879e-01   1.5407123e-01
   6.8042044e-01   1.5317606e-01
   6.8550874e-01   1.5655820e-01
   6.8020087e-01   1.3904040e-01
   6.8208895e-01   1.4675176e-01
   6.7713231e-01   1.3293038e-01
   6.9328241e-01   1.5694778e-01
   6.9331058e-01   1.5637160e-01
   6.7478722e-01   1.3612042e-01
   6.9653257e-01   1.6033721e-01
   6.9560389e-01   1.6222285e-01
   6.8498777e-01   1.5899011e-01
   6.7564081e-01   1.3915105e-01
   6.9798779e-01   1.5890989e-01
   6.8115663e-01   1.6248388e-01
   6.7670440e-01   1.3783336e-01
   6.8063404e-01   1.5745955e-01
   6.9205874e-01   1.4176761e-01
   6.7737433e-01   1.6051777e-01
   6.9639043e-01   1.4100791e-01
   6.9368739e-01   1.5611867e-01
   6.8098604e-01   1.3354324e-01
   6.9469433e-01   1.3954230e-01
   6.9807175e-01   1.5733040e-01
   9.6039585e-01   1.4193849e-01
   9.5840578e-01   1.4699270e-01
   9.5688463e-01   1.5162068e-01
   9.6296619e-01   1.6940187e-01
   9.6726294e-01   2.1661251e-01
   9.5251199e-01   2.4282203e-01
   9.5304126e-01   2.7766359e-01
   9.5372293e-01   2.8724243e-01
   9.6575404e-01   3.1551671e-01
   9.6452241e-01   3.6650471e-01
   9.6464082e-01   3.7612379e-01
   9.4772017e-01   4.2629079e-01
   9.6903713e-01   4.2931451e-01
   9.7079947e-01   4.6986901e-01
   9.6564283e-01   5.0349896e-01
   9.6488119e-01   5.1710229e-01
   9.5769760e-01   5.2346472e-01
   9.5491908e-01   5.3834335e-01
   9.6740863e-01   5.7350111e-01
   9.5444916e-01   5.7790996e-01
   9.6635877e-01   5.9982626e-01
   9.5221145e-01   5.9447738e-01
   9.6240428e-01   6.2094965e-01
   9.5639355e-01   6.1276404e-01
   9.5887255e-01   6.4083423e-01
   9.6944002e-01   6.3057780e-01
   9.6546106e-01   6.4220868e-01
   9.5462350e-01   6.6214096e-01
   9.6753002e-01   6.4958055e-01
   9.6968427e-01   6.6123694e-01
   9.6293186e-01   6.7815203e-01
   9.5726540e-01   6.7104916e-01
   9.6135375e-01   6.5721544e-01
   9.6280819e-01   6.6545966e-01
   9.5139622e-01   6.8043122e-01
   9.5357163e-01   6.8278612e-01
   9.6458798e-01   6.7539772e-01
   9.6705403e-01   6.8848811e-01
   9.6375808e-01   6.8142412e-01
   9.4979958e-01   6.8937661e-01
   9.6951436e-01   6.8817271e-01
   9.6300002e-01   6.7654284e-01
   9.5608254e-01   6.9967198e-01
   9.6082338e-01   6.7761947e-01
   9.5580795e-01   6.8451822e-01
   9.4643123e-01   6.9470655e-01
   9.5412258e-01   6.8865174e-01
   9.6540065e-01   6.7893215e-01
   9.5997628e-01   6.7962216e-01
   9.4918269e-01   7.0473219e-01
   9.5429193e-01   6.8665950e-01
   9.6584623e-01   6.9350160e-01
   9.4593343e-01   6.8962474e-01
   9.6507575e-01   7.0090850e-01
   9.5551491e-01   6.8783017e-01
   9.6753745e-01   6.8660801e-01
   9.6975085e-01   7.0324282e-01
   9.4583166e-01   6.8905301e-01
   9.6803420e-01   6.9468216e-01
   9.6172082e-01   6.9476863e-01
   9.5963820e-01   6.9123393e-01
   9.6924344e-01   6.8840368e-01
   9.6582301e-01   6.8158681e-01
   9.6470440e-01   6.8844486e-01
   9.6943564e-01   7.1103150e-01
   9.6351379e-01   6.8471832e-01
   9.6405771e-01   6.8845712e-01
   9.6564530e-01   6.9671418e-01
   9.5449230e-01   6.9332191e-01
   6.6192839e-01   6.8753839e-01
   6.7046740e-01   6.8939930e-01
   6.5031718e-01   6.6930945e-01
   6.6390135e-01   6.5483764e-01
   6.6382314e-01   6.4265575e-01
   6.6010544e-01   6.0185277e-01
   6.6160661e-01   5.6303418e-01
   6.7141285e-01   5.3262946e-01
   6.7218971e-01   5.1872891e-01
   6.6122655e-01   4.6612455e-01
   6.6069702e-01   4.4234352e-01
   6.6865896e-01   4.2753114e-01
   6.6100276e-01   3.9176627e-01
   6.5050586e-01   3.5493663e-01
   6.5828152e-01   3.2300627e-01
   6.4706330e-01   3.2424456e-01
   6.6780180e-01   2.8656058e-01
   6.6540156e-01   2.9190884e-01
   6.6019034e-01   2.7312573e-01
   6.4816869e-01   2.4880805e-01
   6.6145497e-01   2.1801733e-01
   6.5257496e-01   2.1735588e-01
   6.5159734e-01   2.1220324e-01
   6.6709227e-01   1.8321231e-01
   6.5105251e-01   1.8250225e-01
   6.6183721e-01   1.8902438e-01
   6.6432143e-01   1.8553700e-01
   6.7221847e-01   1.5407702e-01
   6.6793247e-01   1.7460391e-01
   6.5287843e-01   1.6634249e-01
   6.6842560e-01   1.5716300e-01
   6.5756570e-01   1.5721136e-01
   6.5486609e-01   1.3216232e-01
   6.5666865e-01   1.2955123e-01
   6.5606871e-01   1.4006685e-01
   6.7063973e-01   1.3138974e-01
   6.6659496e-01   1.4131348e-01
   6.5464811e-01   1.1881780e-01
   6.4709808e-01   1.3053870e-01
   6.5587566e-01   1.3625098e-01
   6.7014723e-01   1.4157793e-01
   6.5793509e-01   1.1204840e-01
   6.6274793e-01   1.3623349e-01
   6.5498430e-01   1.3428670e-01
   6.5486048e-01   1.2151402e-01
   6.7053352e-01   1.2057302e-01
   6.5345976e-01   1.3325118e-01
   6.5557933e-01   1.1435195e-01
   6.6173327e-01   1.3156260e-01
   6.7022195e-01   1.0872885e-01
   6.5102440e-01   1.3272490e-01
   6.6169010e-01   1.2901483e-01
   6.7223152e-01   1.1713084e-01
   6.6907681e-01   1.2508543e-01
   6.5709255e-01   1.2536198e-01
   6.7017881e-01   1.1029743e-01
   6.6313183e-01   1.0734237e-01
   6.5806493e-01   1.3189608e-01
   6.4693810e-01   1.0737792e-01
   6.7034101e-01   1.2210726e-01
   6.4762598e-01   1.2853086e-01
   6.5546400e-01   1.1854715e-01
   6.6794339e-01   1.0768355e-01
   6.7270124e-01   1.2534332e-01
   6.6882075e-01   1.1654207e-01
   6.6351072e-01   1.3367892e-01
   6.6092467e-01   1.1035552e-01
   6.6714200e-01   1.0434067e-01
   6.6716163e-01   1.2427338e-01
   5.0008548e-01   1.3244964e-01
   4.9311266e-01   1.3119674e-01
   4.9178801e-01   1.1468631e-01
   4.9081235e-01   1.0321791e-01
   4.8382009e-01   1.1790139e-01
   4.7794973e-01   1.1513223e-01
   4.9687196e-01   8.0182508e-02
   4.7830489e-01   9.5049361e-02
   4.9505842e-01   8.4777519e-02
   4.9737953e-01   6.9599795e-02
   4.7879512e-01   7.5891654e-02
   4.7660363e-01   5.4742110e-02
   4.8397182e-01   5.4643882e-02
   4.7630028e-01   5.5450754e-02
   4.9178506e-01   3.7800655e-02
   4.9575500e-01   3.3935882e-02
   4.9576943e-01   3.8416429e-02
   4.8019497e-01   2.1727952e-02
   4.7811443e-01   3.8429605e-02
   4.8288249e-01   3.0958176e-02
   4.8183587e-01   3.8054293e-02
   5.0038021e-01   2.8194282e-02
   4.8144285e-01   2.9001805e-02
   4.7715939e-01   2.5317402e-02
   4.7869189e-01   3.3859575e-03
   4.9743215e-01   4.6985564e-04
   4.9417104e-01   4.7618433e-03
   4.9364340e-01   3.7307044e-03
   4.8906136e-01  -1.3555251e-04
   4.7559864e-01  -1.5517112e-03
   4.9872066e-01   4.1022195e-03
   4.8536361e-01   1.5791013e-02
   4.9347457e-01   1.1886021e-02
   4.9229639e-01  -4.3738092e-03
   4.7546573e-01   1.0869129e-02
   4.7728658e-01   6.5034555e-03
   4.8899939e-01   7.6196997e-04
   4.9844755e-01  -2.6363901e-03
   4.9005654e-01   7.2247086e-03
   4.8757473e-01   4.9308865e-03
   4.8582003e-01   1.4377850e-02
   4.9613766e-01  -6.8003093e-03
   4.9392429e-01   1.4967822e-02
   4.8586554e-01   4.6770256e-04
   4.9637879e-01   3.9764177e-03
   4.7638969e-01   1.2510716e-02
   4.8005571e-01   1.0138640e-02
   4.9926714e-01  -1.0593573e-02
   5.0001765e-01   8.6086474e-03
   4.8710998e-01   1.6624714e-02
   4.9924231e-01   8.3525871e-03
   4.9317299e-01   1.1380526e-02
   4.8363707e-01   1.5908558e-02
   4.9103491e-01  -6.3993079e-03
   4.9895408e-01  -2.2998615e-03
   4.7539230e-01  -7.3009857e-03
   4.8705622e-01   2.6997454e-03
   4.7555836e-01   7.8628055e-03
   4.8369960e-01   1.0323848e-02
   4.9637276e-01   1.2424722e-02
   4.9619566e-01   3.7336681e-05
   4.7751464e-01   1.4289856e-02
   4.8801436e-01  -1.2064696e-02
   4.9917622e-01   1.0203211e-02
   4.8566569e-01   7.8118830e-03
   4.9862844e-01  -1.1607755e-02
   4.8286038e-01   1.1018620e-02
   4.8682439e-01  -5.5593205e-03
   4.9071717e-01  -1.2111588e-02
  -8.5048964e-01   7.3734733e-03
  -8.3317600e-01  -4.6254855e-03
  -8.3784039e-01   2.9627041e-02
  -8.4496270e-01   5.5253985e-02
  -8.4391003e-01   9.4044817e-02
  -8.4447975e-01   1.4227393e-01
  -8.2571548e-01   1.8428893e-01
  -8.2524626e-01   2.2918784e-01
  -8.4321361e-01   2.9005494e-01
  -8.2611062e-01   3.0994191e-01
  -8.3666209e-01   3.7647490e-01
  -8.4268416e-01   4.1182126e-01
  -8.4063167e-01   4.5219509e-01
  -8.4482784e-01   4.8479514e-01
  -8.3323214e-01   5.2930452e-01
  -8.3127928e-01   5.5975656e-01
  -8.2688209e-01   5.9766411e-01
  -8.3796032e-01   6.1303203e-01
  -8.3672287e-01   6.4496078e-01
  -8.2844831e-01   6.7475054e-01
  -8.4088361e-01   6.8756718e-01
  -8.2814288e-01   6.9332730e-01
  -8.3821709e-01   7.2440798e-01
  -8.3601013e-01   7.1837161e-01
  -8.2764125e-01   7.5497864e-01
  -8.3081260e-01   7.5409588e-01
  -8.5105114e-01   7.6901131e-01
  -8.2712494e-01   7.8685432e-01
  -8.4445395e-01   7.9088752e-01
  -8.3677969e-01   7.8291204e-01
  -8.3391299e-01   7.9690565e-01
  -8.4435989e-01   8.0408780e-01
  -8.4096843e-01   8.1482988e-01
  -8.3239738e-01   8.1256872e-01
  -8.3361702e-01   8.2676879e-01
  -8.3208545e-01   8.1223758e-01
  -8.3829609e-01   8.2949793e-01
  -8.3420679e-01   8.2168884e-01
  -8.2753081e-01   8.1895553e-01
  -8.3890759e-01   8.3562712e-01
  -8.4718751e-01   8.4511364e-01
  -8.2645209e-01   8.1979054e-01
  -8.4173127e-01   8.4632921e-01
  -8.3370933e-01   8.4173155e-01
  -8.3264578e-01   8.4439935e-01
  -8.4928305e-01   8.2781352e-01
  -8.3439000e-01   8.3115807e-01
  -8.4911764e-01   8.3775765e-01
  -8.3759922e-01   8.5048607e-01
  -8.3789569e-01   8.5024577e-01
  -8.4537274e-01   8.4568028e-01
  -8.2914800e-01   8.5467296e-01
  -8.3006484e-01   8.3425696e-01
  -8.3347786e-01   8.3979591e-01
  -8.4348510e-01   8.5020627e-01
  -8.4221951e-01   8.3637695e-01
  -8.3868688e-01   8.4743075e-01
  -8.2995221e-01   8.3506627e-01
  -8.4926098e-01   8.3594591e-01
  -8.3614570e-01   8.3866356e-01
  -8.5116818e-01   8.3542339e-01
  -8.4662422e-01   8.3133136e-01
  -8.3496036e-01   8.5867170e-01
  -8.3283511e-01   8.5550253e-01
  -8.3321161e-01   8.5838841e-01
  -8.4442620e-01   8.5225705e-01
  -8.2714382e-01   8.5036678e-01
  -8.4939735e-01   8.3176920e-01
  -8.2872787e-01   8.3531473e-01
  -7.4045357e-01   8.5193601e-01
  -7.3238711e-01   8.4085376e-01
  -7.4863976e-01   8.4590662e-01
  -7.4365114e-01   8.2238378e-01
  -7.4189119e-01   8.0757097e-01
  -7.4105722e-01   8.0551751e-01
  -7.4559484e-01   7.8080807e-01
  -7.4738064e-01   7.9076435e-01
  -7.2926731e-01   7.7982591e-01
  -7.2899219e-01   7.4408312e-01
  -7.3888353e-01   7.4903531e-01
  -7.3857084e-01   7.4081435e-01
  -7.3805184e-01   7.2387238e-01
  -7.3086650e-01   7.1662138e-01
  -7.3484422e-01   7.0599384e-01
  -7.3135978e-01   6.7934053e-01
  -7.4273220e-01   6.7613374e-01
  -7.5344562e-01   6.6019387e-01
  -7.3693632e-01   6.5174473e-01
  -7.3966835e-01   6.5280600e-01
  -7.5135793e-01   6.5239061e-01
  -7.5092660e-01   6.4100627e-01
  -7.4664850e-01   6.2634567e-01
  -7.4348761e-01   6.4349839e-01
  -7.3248284e-01   6.3920584e-01
  -7.3313150e-01   6.3142205e-01
  -7.4280876e-01   6.2353125e-01
  -7.4093312e-01   6.1001227e-01
  -7.2883999e-01   6.2089895e-01
  -7.3756500e-01   6.2335577e-01
  -7.4172934e-01   6.1632130e-01
  -7.3266559e-01   6.2281229e-01
  -7.3878700e-01   6.0145513e-01
  -7.2886731e-01   6.0002934e-01
  -7.4565881e-01   6.0323175e-01
  -7.4144532e-01   6.1708946e-01
  -7.3557232e-01   6.1016397e-01
  -7.3890807e-01   5.9356246e-01
  -7.3014033e-01   6.0962718e-01
  -7.3212525e-01   6.0935238e-01
  -7.3670168e-01   6.0754853e-01
  -7.3489116e-01   6.0879944e-01
  -7.4402426e-01   5.9464114e-01
  -7.4658860e-01   5.9046026e-01
  -7.3558887e-01   6.1343732e-01
  -7.5074503e-01   5.9002902e-01
  -7.4696601e-01   5.9380843e-01
  -7.5020175e-01   6.1781944e-01
  -7.5048748e-01   6.0780130e-01
  -7.3046097e-01   5.8971274e-01
  -7.4860295e-01   5.9037055e-01
  -7.3924180e-01   6.0391100e-01
  -7.4913978e-01   6.0643227e-01
  -7.4950489e-01   5.9682164e-01
  -7.2937183e-01   5.9782122e-01
  -7.2955368e-01   6.1169140e-01
  -7.4501150e-01   6.1099921e-01
  -7.3403467e-01   6.0702490e-01
  -7.4311150e-01   6.0615100e-01
  -7.4262742e-01   6.0282312e-01
  -7.3034673e-01   5.9737056e-01
  -7.3190722e-01   6.1071865e-01
  -7.5186365e-01   6.1144673e-01
  -7.3486379e-01   5.9420913e-01
  -7.3830638e-01   6.1498248e-01
  -7.2836014e-01   5.9757002e-01
  -7.4092501e-01   6.0324153e-01
  -7.3301730e-01   5.9729016e-01
  -7.4673488e-01   6.1732349e-01
   6.6425681e-01   6.1278307e-01
   6.7378061e-01   5.8820838e-01
   6.7587488e-01   5.8196508e-01
   6.6681786e-01   5.8434143e-01
   6.7106413e-01   5.4686931e-01
   6.6856407e-01   5.1858819e-01
   6.6766707e-01   5.1022094e-01
   6.7364021e-01   4.7954747e-01
   6.7139975e-01   4.3862287e-01
   6.6522737e-01   4.1844954e-01
   6.7720934e-01   4.1175574e-01
   6.7137050e-01   3.5936029e-01
   6.7559957e-01   3.5916674e-01
   6.8481230e-01   3.1683096e-01
   6.7084575e-01   3.1737338e-01
   6.7937930e-01   2.9975378e-01
   6.6315294e-01   2.7822004e-01
   6.7984635e-01   2.7033438e-01
   6.8424639e-01   2.4007828e-01
   6.6259397e-01   2.3410739e-01
   6.6211083e-01   2.3447581e-01
   6.6823327e-01   2.0852320e-01
   6.7170683e-01   2.1970753e-01
   6.6748292e-01   1.9144331e-01
   6.7961937e-01   1.8588581e-01
   6.6343456e-01   1.8781890e-01
   6.7039603e-01   1.8894073e-01
   6.7176119e-01   1.6791218e-01
   6.8045136e-01   1.6310642e-01
   6.7164394e-01   1.5372317e-01
   6.7662319e-01   1.6621135e-01
   6.6619213e-01   1.4556982e-01
   6.6500670e-01   1.5436705e-01
   6.6604304e-01   1.4468168e-01
   6.7169753e-01   1.5584933e-01
   6.8642241e-01   1.5679740e-01
   6.7682975e-01   1.4834937e-01
   6.7830136e-01   1.3285289e-01
   6.8646002e-01   1.5402706e-01
   6.8604351e-01   1.3358081e-01
   6.7834189e-01   1.3921119e-01
   6.7524395e-01   1.5198899e-01
   6.6874497e-01   1.2480581e-01
   6.6130481e-01   1.4215396e-01
   6.8468173e-01   1.2514066e-01
   6.7993828e-01   1.4248761e-01
   6.7739529e-01   1.2915307e-01
   6.7184206e-01   1.4728221e-01
   6.7626961e-01   1.4358147e-01
   6.6145774e-01   1.2106369e-01
   6.7749310e-01   1.4158417e-01
   6.8511385e-01   1.5025530e-01
   6.7261895e-01   1.4106132e-01
   6.6670735e-01   1.3583738e-01
   6.7018800e-01   1.3250053e-01
   6.6917002e-01   1.2367679e-01
   6.8327738e-01   1.3983511e-01
   6.7092490e-01   1.2274734e-01
   6.6190898e-01   1.2587908e-01
   6.8600580e-01   1.2996948e-01
   6.7898306e-01   1.4471111e-01
   6.6423358e-01   1.3943148e-01
   6.7685961e-01   1.3303227e-01
   6.8001884e-01   1.3181759e-01
   6.7168268e-01   1.1912828e-01
   6.6196056e-01   1.2953981e-01
   6.6750147e-01   1.3770526e-01
   6.8010345e-01   1.3828741e-01
   6.8014255e-01   1.4863202e-01
  -6.2163707e-01   1.2867118e-01
  -6.3476422e-01   1.2255271e-01
  -6.3554911e-01   1.4470348e-01
  -6.1773950e-01   1.3774989e-01
  -6.1554692e-01   1.7201471e-01
  -6.1683547e-01   1.6053514e-01
  -6.1301704e-01   1.9391951e-01
  -6.2290766e-01   2.0189163e-01
  -6.2236469e-01   2.1094420e-01
  -6.2249083e-01   2.3653486e-01
  -6.2993483e-01   2.3129554e-01
  -6.2338820e-01   2.7209108e-01
  -6.2468098e-01   2.7401957e-01
  -6.1925089e-01   2.9309133e-01
  -6.3156224e-01   2.9535176e-01
  -6.1149012e-01   2.9186769e-01
  -6.1937871e-01   3.2272164e-01
  -6.3501245e-01   3.2139002e-01
  -6.3051764e-01   3.2895950e-01
  -6.2851960e-01   3.1961197e-01
  -6.2099122e-01   3.4449122e-01
  -6.1811849e-01   3.3283048e-01
  -6.1082943e-01   3.6017413e-01
  -6.2042730e-01   3.5005049e-01
  -6.1683814e-01   3.5900955e-01
  -6.1858010e-01   3.4978011e-01
  -6.1200229e-01   3.5257032e-01
  -6.3297740e-01   3.5527999e-01
  -6.3353574e-01   3.6737636e-01
  -6.2482361e-01   3.7817993e-01
  -6.1549005e-01   3.7183750e-01
  -6.0987242e-01   3.6317103e-01
  -6.2988382e-01   3.7055300e-01
  -6.1629828e-01   3.9035871e-01
  -6.1780526e-01   3.8648109e-01
  -6.1786802e-01   3.9376727e-01
  -6.2878332e-01   3.8063904e-01
  -6.1937094e-01   3.8470973e-01
  -6.3048496e-01   3.8514466e-01
  -6.1897211e-01   3.9626730e-01
  -6.2286290e-01   3.8072396e-01
  -6.3187692e-01   3.7110926e-01
  -6.1951862e-01   3.8452513e-01
  -6.1277761e-01   3.7378519e-01
  -6.1411274e-01   3.8722286e-01
  -6.1799212e-01   3.8666854e-01
  -6.1360046e-01   3.9861866e-01
  -6.2512361e-01   3.8939623e-01
  -6.1170019e-01   3.9873976e-01
  -6.3426291e-01   3.8635458e-01
  -6.2732700e-01   3.8838574e-01
  -6.2673402e-01   3.8498315e-01
  -6.1901211e-01   3.8856062e-01
  -6.1908250e-01   3.8062519e-01
  -6.3400084e-01   3.8342237e-01
  -6.2501213e-01   4.0375629e-01
  -6.1512636e-01   3.7998263e-01
  -6.2608786e-01   4.0066078e-01
  -6.2980560e-01   4.0116357e-01
  -6.1179409e-01   3.9618638e-01
  -6.1731051e-01   3.8670327e-01
  -6.2003452e-01   3.9901266e-01
  -6.3329854e-01   3.9299762e-01
  -6.2779060e-01   4.0397306e-01
  -6.2443713e-01   3.9563197e-01
  -6.2760678e-01   3.7499655e-01
  -6.1281271e-01   4.0313548e-01
  -6.2845301e-01   3.8181304e-01
  -6.1993896e-01   3.9024822e-01
   5.1179652e-02   4.0423031e-01
   5.6582346e-02   3.8414622e-01
   6.1488667e-02   3.8067104e-01
   3.7858832e-02   3.6072857e-01
   4.1210929e-02   3.5058986e-01
   5.3956025e-02   3.3941172e-01
   4.0236517e-02   3.1775626e-01
   5.3946261e-02   2.6725637e-01
   4.5509286e-02   2.5478603e-01
   3.7509226e-02   2.2635425e-01
   6.0854393e-02   2.0336239e-01
   4.9970523e-02   1.9682852e-01
   5.4565648e-02   1.9015415e-01
   5.6079424e-02   1.7171345e-01
   4.6352658e-02   1.2873832e-01
   3.9604632e-02   1.2989035e-01
   4.1531095e-02   1.0434054e-01
   4.7442962e-02   8.5420237e-02
   4.5143440e-02   7.8320601e-02
   5.8253674e-02   6.5447062e-02
   6.1971519e-02   7.9384850e-02
   4.2305458e-02   6.5493421e-02
   3.9563965e-02   6.0487439e-02
   4.8962971e-02   3.1639330e-02
   3.7036540e-02   4.9597565e-02
   4.6835219e-02   4.4566277e-02
   6.1520625e-02   3.0547355e-02
   5.6558421e-02   2.7067724e-02
   5.1518961e-02   1.6958967e-02
   4.5363020e-02   1.4137082e-02
   5.6269364e-02   2.3950056e-02
   4.8091084e-02   2.4075862e-02
   5.3551201e-02   8.2665376e-03
   5.2661984e-02   2.0837235e-02
   5.9068576e-02   4.8863877e-03
   6.0247041e-02  -7.2192233e-03
   4.0135952e-02   5.9976499e-03
   4.8724079e-02  -1.2416817e-02
   4.6789698e-02  -3.9175337e-04
   5.0955565e-02  -1.6136594e-02
   4.3714466e-02   1.1340290e-02
   4.2643315e-02  -1.4317779e-02
   5.6761662e-02  -3.0530628e-03
   4.9699437e-02  -1.8251089e-02
   4.5537554e-02  -5.3481986e-03
   5.6009196e-02  -9.7584409e-03
   4.1839461e-02  -7.3364649e-03
   4.3894563e-02  -4.3591969e-03
   5.7464446e-02  -4.3663137e-03
   4.4407135e-02  -6.1192970e-03
   6.0595435e-02  -1.5387149e-02
   4.4913189e-02   6.0440584e-03
   3.9241320e-02  -2.0211738e-02
   4.1337270e-02  -1.3971696e-04
   4.6977759e-02  -4.6721749e-03
   4.6719433e-02  -1.8970393e-02
   3.7023682e-02   5.5078689e-03
   4.7412187e-02  -6.0705830e-04
   5.3338795e-02  -9.5413588e-03
   5.1050422e-02  -1.5042926e-02
   3.6585402e-02  -2.2271301e-02
   4.4574176e-02  -7.6756794e-03
   4.3522992e-02  -2.3435411e-02
   5.1751729e-02  -1.1877477e-02
   5.9928006e-02  -1.6854275e-02
   4.2812049e-02  -2.3594156e-02
   4.2519467e-02  -9.5254682e-03
   4.6817969e-02  -1.1872190e-03
   4.1294365e-02  -1.1214082e-02
   8.6047041e-01  -1.5424080e-03
   8.7084092e-01  -3.8309156e-03
   8.5644391e-01   2.6333494e-03
   8.6730848e-01   2.7441901e-02
   8.6735633e-01   5.0938235e-02
   8.8066192e-01   7.2414327e-02
   8.7145016e-01   8.7850082e-02
   8.6873029e-01   1.2297492e-01
   8.6296263e-01   1.3746411e-01
   8.7859608e-01   1.8031951e-01
   8.7335834e-01   2.0275655e-01
   8.5757726e-01   2.3131304e-01
   8.7227442e-01   2.3242950e-01
   8.7715242e-01   2.5947788e-01
   8.7458069e-01   2.7050087e-01
   8.7584858e-01   2.9149157e-01
   8.7748518e-01   3.0264635e-01
   8.6518684e-01   3.2858081e-01
   8.6208211e-01   3.4825569e-01
   8.7853115e-01   3.6526172e-01
   8.6162390e-01   3.6260428e-01
   8.6914624e-01   3.8883906e-01
   8.5870809e-01   3.7111357e-01
   8.6755247e-01   3.8047412e-01
   8.5717969e-01   4.0099078e-01
   8.5878531e-01   3.9098756e-01
   8.7674652e-01   4.0070510e-01
   8.6926714e-01   4.0549962e-01
   8.5709454e-01   4.2721045e-01
   8.5994421e-01   4.2161580e-01
   8.5641272e-01   4.2623123e-01
   8.7229711e-01   4.4310462e-01
   8.7126175e-01   4.4293762e-01
   8.6820063e-01   4.3045894e-01
   8.6192728e-01   4.4320001e-01
   8.7608915e-01   4.3377218e-01
   8.7658975e-01   4.3145658e-01
   8.7176087e-01   4.5830168e-01
   8.6647389e-01   4.5912547e-01
   8.6234252e-01   4.3865158e-01
   8.7731324e-01   4.4616773e-01
   8.7893071e-01   4.4177555e-01
   8.6125518e-01   4.4936090e-01
   8.7598383e-01   4.6002196e-01
   8.6357977e-01   4.6099789e-01
   8.6190911e-01   4.5396869e-01
   8.7605772e-01   4.5123860e-01
   8.6475742e-01   4.6027709e-01
   8.6277465e-01   4.4406972e-01
   8.6514091e-01   4.4036709e-01
   8.6509426e-01   4.6422120e-01
   8.7076770e-01   4.6194068e-01
   8.7248256e-01   4.4109940e-01
   8.7628435e-01   4.4649117e-01
   8.6573824e-01   4.4951713e-01
   8.6771952e-01   4.6693050e-01
   8.8110042e-01   4.4460589e-01
   8.5893249e-01   4.5962678e-01
   8.6150130e-01   4.5331617e-01
   8.6225493e-01   4.4585135e-01
   8.6635682e-01   4.4756644e-01
   8.7461465e-01   4.4872065e-01
   8.6660216e-01   4.5916946e-01
   8.7130985e-01   4.5543672e-01
   8.6379189e-01   4.6332768e-01
   8.6184022e-01   4.6322843e-01
   8.6794715e-01   4.6861057e-01
   8.5651699e-01   4.6182611e-01
   8.5860536e-01   4.4948434e-01
  -4.8772069e-01   4.5544161e-01
  -4.9747695e-01   4.6866783e-01
  -4.8490843e-01   4.4187938e-01
  -4.7698006e-01   4.5084873e-01
  -4.9521014e-01   4.2206759e-01
  -4.8627698e-01   4.1142435e-01
  -4.7471153e-01   3.9817264e-01
  -4.9181461e-01   3.9365029e-01
  -4.8204335e-01   3.6627080e-01
  -4.8976232e-01   3.8046035e-01
  -4.7397408e-01   3.5437756e-01
  -4.7503674e-01   3.5762841e-01
  -4.8594329e-01   3.2249988e-01
  -4.9057549e-01   3.0897493e-01
  -4.9303062e-01   3.0954632e-01
  -4.9170759e-01   2.9695746e-01
  -4.9433147e-01   2.9678323e-01
  -4.9930312e-01   3.0229118e-01
  -4.9067387e-01   2.8774525e-01
  -4.8556985e-01   2.6349830e-01
  -4.8467807e-01   2.8381907e-01
  -4.8123917e-01   2.8026108e-01
  -4.8604665e-01   2.5748935e-01
  -4.8090521e-01   2.6792005e-01
  -4.9428374e-01   2.4177421e-01
  -4.7512473e-01   2.4526063e-01
  -4.8030783e-01   2.3729865e-01
  -4.8785962e-01   2.5645312e-01
  -4.8485676e-01   2.4584175e-01
  -4.7648032e-01   2.3754564e-01
  -4.9266958e-01   2.4622498e-01
  -4.9385158e-01   2.3241379e-01
  -4.8983242e-01   2.4553332e-01
  -4.7631469e-01   2.5102668e-01
  -4.9411117e-01   2.3604553e-01
  -4.7955896e-01   2.4217175e-01
  -4.8753414e-01   2.3063983e-01
  -4.9327796e-01   2.3552453e-01
  -4.9365377e-01   2.2528801e-01
  -4.7456867e-01   2.4393546e-01
  -4.9806404e-01   2.1623176e-01
  -4.8227050e-01   2.3394688e-01
  -4.7720163e-01   2.3961250e-01
  -4.9487503e-01   2.3907558e-01
  -4.7858550e-01   2.3905610e-01
  -4.9736107e-01   2.2307395e-01
  -4.7688502e-01   2.4067919e-01
  -4.9902174e-01   2.3967550e-01
  -4.8738682e-01   2.1512555e-01
  -4.8826434e-01   2.3141198e-01
  -4.8053096e-01   2.2311177e-01
  -4.8795502e-01   2.4155774e-01
  -4.9104492e-01   2.2795543e-01
  -4.7377568e-01   2.2358009e-01
  -4.9145857e-01   2.4263093e-01
  -4.8629677e-01   2.1681251e-01
  -4.9856340e-01   2.2745011e-01
  -4.8103821e-01   2.2285718e-01
  -4.9562070e-01   2.1742703e-01
  -4.7557881e-01   2.3104099e-01
  -4.9284733e-01   2.3344786e-01
  -4.9883639e-01   2.2637058e-01
  -4.8528433e-01   2.3396538e-01
  -4.9105156e-01   2.3763122e-01
  -4.8364475e-01   2.1945661e-01
  -4.9865790e-01   2.2570490e-01
  -4.8017456e-01   2.2323738e-01
  -4.9911438e-01   2.1808519e-01
  -4.7677313e-01   2.1543502e-01
   8.0414632e-01   2.1903779e-01
   8.1936772e-01   2.3858166e-01
   8.1647037e-01   2.4388380e-01
   8.1714682e-01   2.3983304e-01
   8.1035265e-01   2.4420015e-01
   8.1939579e-01   2.4965677e-01
   8.1445290e-01   2.4552897e-01
   8.2421893e-01   2.4837230e-01
   8.1716320e-01   2.6530150e-01
   8.0963258e-01   2.6399685e-01
   8.0433980e-01   2.7107378e-01
   8.1766581e-01   2.7687312e-01
   8.1471218e-01   2.9550158e-01
   8.1271376e-01   3.0086410e-01
   8.1251867e-01   3.0507782e-01
   8.1235361e-01   2.9540906e-01
   8.2016950e-01   3.0168209e-01
   8.1310809e-01   3.1496690e-01
   8.2028332e-01   3.1608387e-01
   8.0458235e-01   3.0515699e-01
   8.1960051e-01   3.1858325e-01
   8.1182543e-01   3.1446530e-01
   8.2014298e-01   3.2382480e-01
   8.2154857e-01   3.3862391e-01
   8.0335391e-01   3.1443193e-01
   8.1369663e-01   3.1870827e-01
   8.1849031e-01   3.3413742e-01
   8.2492402e-01   3.2472134e-01
   8.1596154e-01   3.3580438e-01
   8.1348453e-01   3.2576603e-01
   8.2531905e-01   3.4717049e-01
   8.0730721e-01   3.3029549e-01
   8.1053254e-01   3.3898865e-01
   8.2118095e-01   3.4543063e-01
   8.0857401e-01   3.3131698e-01
   8.0683480e-01   3.5118534e-01
   8.0586771e-01   3.2780912e-01
   8.1181272e-01   3.3758278e-01
   8.1312705e-01   3.4819550e-01
   8.1019062e-01   3.2896151e-01
   8.0908897e-01   3.3359449e-01
   8.1817728e-01   3.2816855e-01
   8.0740168e-01   3.4241230e-01
   8.2401146e-01   3.3788419e-01
   8.1413188e-01   3.2975888e-01
   8.2552467e-01   3.3940135e-01
   8.0192125e-01   3.2592272e-01
   8.0921866e-01   3.3254000e-01
   8.0580828e-01   3.4077456e-01
   8.0825354e-01   3.3961576e-01
   8.0757987e-01   3.4347825e-01
   8.1215552e-01   3.3744771e-01
   8.0716225e-01   3.2696945e-01
   8.0280461e-01   3.3856980e-01
   8.0590913e-01   3.3503760e-01
   8.2533814e-01   3.3207844e-01
   8.0168549e-01   3.5105519e-01
   8.0221723e-01   3.2696301e-01
   8.0706105e-01   3.2701457e-01
   8.0488871e-01   3.4798528e-01
   8.2704007e-01   3.3241744e-01
   8.2107439e-01   3.4298834e-01
   8.0724111e-01   3.4556113e-01
   8.2577334e-01   3.4175018e-01
   8.1585496e-01   3.4140781e-01
   8.0259388e-01   3.5451111e-01
   8.1618551e-01   3.4890607e-01
   8.1553041e-01   3.4511409e-01
   8.0140827e-01   3.4504980e-01
   7.4552774e-01   3.4177567e-01
   7.4147675e-01   3.2856991e-01
   7.5766922e-01   3.2538263e-01
   7.5422830e-01   3.4616566e-01
   7.4139115e-01   3.2531494e-01
   7.4922458e-01   3.1490061e-01
   7.5599703e-01   3.1515679e-01
   7.5155226e-01   3.1703166e-01
   7.4922717e-01   3.0327626e-01
   7.5266819e-01   2.8419631e-01
   7.3828218e-01   2.9613542e-01
   7.5427802e-01   2.7233734e-01
   7.3615583e-01   2.7364830e-01
   7.4179290e-01   2.7986433e-01
   7.3827496e-01   2.5692164e-01
   7.5557097e-01   2.6012565e-01
   7.5021884e-01   2.5554576e-01
   7.5930834e-01   2.6726990e-01
   7.3781571e-01   2.4244723e-01
   7.5565427e-01   2.3797300e-01
   7.3692349e-01   2.5940767e-01
   7.5247437e-01   2.5409392e-01
   7.3967112e-01   2.4448163e-01
   7.5995926e-01   2.4710687e-01
   7.4329137e-01   2.5039651e-01
   7.3943329e-01   2.3207684e-01
   7.5558311e-01   2.5278918e-01
   7.5752574e-01   2.2760007e-01
   7.3646208e-01   2.4856325e-01
   7.5888630e-01   2.2433501e-01
   7.5495333e-01   2.2490316e-01
   7.4484010e-01   2.2324803e-01
   7.5174410e-01   2.3208986e-01
   7.3653145e-01   2.2773127e-01
   7.5912063e-01   2.3890118e-01
   7.3758653e-01   2.2738546e-01
   7.4116047e-01   2.4454453e-01
   7.4447770e-01   2.2025891e-01
   7.3744939e-01   2.3618884e-01
   7.4771515e-01   2.3903205e-01
   7.3811881e-01   2.3628457e-01
   7.5430190e-01   2.2875861e-01
   7.5886073e-01   2.2219847e-01
   7.3840599e-01   2.1817588e-01
   7.3999289e-01   2.2062278e-01
   7.4550392e-01   2.2006132e-01
   7.5541659e-01   2.3330581e-01
   7.4892282e-01   2.4032283e-01
   7.3958753e-01   2.3151662e-01
   7.4207740e-01   2.3539076e-01
   7.4113625e-01   2.1789443e-01
   7.4758653e-01   2.4212794e-01
   7.4598969e-01   2.3132158e-01
   7.4104910e-01   2.1476919e-01
   7.4684395e-01   2.2919350e-01
   7.5485167e-01   2.1970206e-01
   7.5981347e-01   2.2541862e-01
   7.3749860e-01   2.1889134e-01
   7.4263599e-01   2.3355965e-01
   7.4955288e-01   2.1558785e-01
   7.5701666e-01   2.4232076e-01
   7.3903023e-01   2.3738766e-01
   7.5748546e-01   2.1916254e-01
   7.4161123e-01   2.1773608e-01
   7.5570262e-01   2.1853542e-01
   7.3587967e-01   2.3042340e-01
   7.5513984e-01   2.2801003e-01
   7.5973466e-01   2.3605931e-01
   7.5555153e-01   2.3841404e-01
  -4.1854236e-01   2.2926139e-01
  -4.1599127e-01   2.3988460e-01
  -4.1492593e-01   2.3762551e-01
  -4.2039889e-01   2.1454136e-01
  -4.0468472e-01   2.1958880e-01
  -4.1967048e-01   2.2387165e-01
  -4.1978783e-01   2.0530334e-01
  -4.0914278e-01   2.0880874e-01
  -4.2137500e-01   2.1840217e-01
  -4.2176792e-01   2.1020025e-01
  -4.1476000e-01   2.1540301e-01
  -4.0086057e-01   1.9941469e-01
  -4.0043131e-01   1.9498170e-01
  -4.2333626e-01   1.8960771e-01
  -4.1541368e-01   1.8312895e-01
  -4.0574998e-01   1.9928790e-01
  -4.2020283e-01   1.6928280e-01
  -4.0284752e-01   1.8812506e-01
  -4.1287117e-01   1.8757965e-01
  -4.2061075e-01   1.8331316e-01
  -4.0188921e-01   1.6988796e-01
  -4.1826194e-01   1.7247277e-01
  -4.2236126e-01   1.8651300e-01
  -4.2021624e-01   1.6825756e-01
  -4.1173431e-01   1.7009775e-01
  -4.2166933e-01   1.6758837e-01
  -4.0588432e-01   1.8125175e-01
  -4.0225212e-01   1.7827072e-01
  -4.1519947e-01   1.6270806e-01
  -4.0233615e-01   1.5900183e-01
  -4.1532591e-01   1.6789933e-01
  -4.1422047e-01   1.5502150e-01
  -4.1070060e-01   1.8163419e-01
  -4.0380982e-01   1.7312168e-01
  -4.0652160e-01   1.6592333e-01
  -4.0572028e-01   1.6644172e-01
  -4.1163533e-01   1.5451985e-01
  -4.0077104e-01   1.6330539e-01
  -4.0361315e-01   1.6156385e-01
  -3.9796297e-01   1.6465348e-01
  -4.0201228e-01   1.7811878e-01
  -4.0641317e-01   1.6049797e-01
  -4.1568967e-01   1.7620756e-01
  -4.0158312e-01   1.7834889e-01
  -4.2060572e-01   1.6413073e-01
  -4.0639043e-01   1.6389714e-01
  -4.1710531e-01   1.7138813e-01
  -4.1316838e-01   1.7789542e-01
  -4.0801381e-01   1.5762135e-01
  -4.0671069e-01   1.6105338e-01
  -4.0138507e-01   1.6343095e-01
  -4.0953457e-01   1.6369327e-01
  -3.9887221e-01   1.6564241e-01
  -4.0117233e-01   1.6394020e-01
  -4.0124850e-01   1.5482511e-01
  -4.0789297e-01   1.5145027e-01
  -4.0508405e-01   1.7978545e-01
  -4.0332316e-01   1.6768335e-01
  -4.2129776e-01   1.6865111e-01
  -4.1169940e-01   1.7455352e-01
  -4.1034564e-01   1.6498517e-01
  -4.1709395e-01   1.7123848e-01
  -4.0885597e-01   1.6172678e-01
  -4.0853243e-01   1.6442823e-01
  -4.1485762e-01   1.5350261e-01
  -4.1019011e-01   1.5749865e-01
  -3.9910923e-01   1.5951553e-01
  -4.1919778e-01   1.5822859e-01
  -4.0210241e-01   1.5410293e-01
  -4.4916181e-01   1.7530657e-01
  -4.3736117e-01   1.5391840e-01
  -4.3991358e-01   1.6072458e-01
  -4.5083084e-01   1.6704615e-01
  -4.4035088e-01   1.7458421e-01
  -4.5126380e-01   1.7894859e-01
  -4.3858312e-01   1.6190589e-01
  -4.5438991e-01   1.6453719e-01
  -4.3382681e-01   1.7189348e-01
  -4.5134234e-01   1.6231694e-01
  -4.3623346e-01   1.8002116e-01
  -4.3333589e-01   1.9245184e-01
  -4.5191645e-01   1.7522187e-01
  -4.3497762e-01   1.8027438e-01
  -4.4315326e-01   1.8546759e-01
  -4.4378701e-01   1.9287364e-01
  -4.4975443e-01   1.8424409e-01
  -4.5246238e-01   1.8059783e-01
  -4.3545916e-01   1.8797801e-01
  -4.3579307e-01   1.9784027e-01
  -4.4758916e-01   1.7561014e-01
  -4.5616910e-01   1.9669772e-01
  -4.5761805e-01   1.9942584e-01
  -4.3819618e-01   1.8787287e-01
  -4.4053113e-01   1.9890774e-01
  -4.4771766e-01   1.9724653e-01
  -4.4541366e-01   1.9117834e-01
  -4.4284649e-01   1.7702625e-01
  -4.5220770e-01   1.8951851e-01
  -4.5545941e-01   1.7862428e-01
  -4.4189148e-01   1.7692134e-01
  -4.3485974e-01   1.9923985e-01
  -4.5776854e-01   1.8382032e-01
  -4.3468866e-01   1.9085821e-01
  -4.4969867e-01   1.8465544e-01
  -4.5711727e-01   1.9011205e-01
  -4.3455507e-01   2.0465323e-01
  -4.5692183e-01   1.7741170e-01
  -4.5332582e-01   1.9106342e-01
  -4.5224877e-01   1.7635095e-01
  -4.3955161e-01   1.8979702e-01
  -4.5113997e-01   1.8435393e-01
  -4.5529495e-01   1.8018729e-01
  -4.4316856e-01   1.8624507e-01
  -4.3353812e-01   1.7984122e-01
  -4.3632811e-01   1.8303472e-01
  -4.4355651e-01   1.9404281e-01
  -4.3811758e-01   1.8053669e-01
  -4.3594146e-01   1.8542590e-01
  -4.3526198e-01   1.7894184e-01
  -4.5662094e-01   1.9060112e-01
  -4.4364394e-01   1.7879081e-01
  -4.5407568e-01   1.9790579e-01
  -4.5463716e-01   1.8673612e-01
  -4.5518490e-01   2.0408771e-01
  -4.3613400e-01   1.8270663e-01
  -4.3377670e-01   2.0468758e-01
  -4.3909159e-01   1.8157550e-01
  -4.4880687e-01   1.8416746e-01
  -4.5615499e-01   2.0371818e-01
  -4.4375756e-01   1.9689681e-01
  -4.4124694e-01   2.0049761e-01
  -4.5624097e-01   1.8297568e-01
  -4.4635993e-01   1.7933742e-01
  -4.5142270e-01   2.0211989e-01
  -4.5174224e-01   1.8953349e-01
  -4.3869938e-01   1.8884617e-01
  -4.5284819e-01   1.9313589e-01
  -4.3417270e-01   1.8832125e-01
  -4.0148624e-02   1.9822806e-01
  -4.2654722e-02   1.9044856e-01
  -5.4340755e-02   1.8879093e-01
  -4.3926753e-02   1.7192126e-01
  -3.7325425e-02   1.8679233e-01
  -4.7229561e-02   1.7707504e-01
  -5.4257431e-02   1.4667970e-01
  -4.1682842e-02   1.4487963e-01
  -4.4612116e-02   1.2221653e-01
  -3.4164310e-02   1.0807798e-01
  -3.9750244e-02   1.0614763e-01
  -5.3475431e-02   1.0291540e-01
  -5.6201942e-02   9.3948565e-02
  -3.7242467e-02   7.7835844e-02
  -5.8228965e-02   8.7700849e-02
  -4.1366193e-02   8.0613866e-02
  -3.4479253e-02   6.2285328e-02
  -4.5012717e-02   7.0560105e-02
  -3.6187619e-02   6.1596227e-02
  -3.4072367e-02   5.7491617e-02
  -5.3973346e-02   5.7512185e-02
  -5.7193195e-02   3.8303184e-02
  -3.6065026e-02   3.6491510e-02
  -3.4758538e-02   4.2589039e-02
  -3.6487183e-02   3.4881950e-02
  -5.0885985e-02   2.6083697e-02
  -4.6932546e-02   3.7689698e-02
  -5.7756382e-02   4.0570114e-02
  -3.3359501e-02   1.4921294e-02
  -4.0785501e-02   1.6327110e-02
  -5.5166329e-02   3.2464571e-02
  -5.5282883e-02   1.9821068e-02
  -4.9804251e-02   1.6648601e-02
  -4.1290568e-02   1.5761704e-02
  -3.3757560e-02   2.8656393e-03
  -5.1069351e-02   4.2352999e-03
  -3.8341777e-02   1.4560348e-02
  -4.9741878e-02   2.8228906e-02
  -4.3181118e-02   2.3892123e-02
  -4.3321980e-02   4.6075599e-03
  -4.4305644e-02   2.4896959e-02
  -5.2709433e-02   2.7355727e-02
  -3.3422238e-02   1.7113221e-02
  -5.2597294e-02   1.0260411e-02
  -5.1435255e-02  -4.6507528e-04
  -4.9793085e-02   8.7281065e-03
  -5.5537983e-02   1.6360838e-02
  -5.4577522e-02   1.3697794e-02
  -3.9832961e-02   1.5541319e-02
  -3.6027306e-02   2.0588058e-02
  -4.7010236e-02   1.3247531e-02
  -3.3905071e-02   8.7641696e-03
  -5.0395755e-02   2.3732838e-02
  -4.8250098e-02   8.8229806e-03
  -5.7550182e-02   1.1581827e-02
  -5.7587873e-02   9.6102876e-03
  -5.6718589e-02   3.6248467e-03
   9.3367799e-01   1.3446804e-02
