   5.6385323e-03   5.0215460e-03
  -5.2003322e-03   7.4469788e-03
   4.8826241e-03   1.2486651e-02
   7.0423250e-03  -2.8259678e-03
   1.7347493e-03  -7.2498566e-03
   1.2595357e-02  -8.6024497e-04
  -3.4922141e-03   5.0562314e-03
  -1.0602952e-02  -4.2544076e-03
   9.3053740e-03  -1.2184882e-02
  -1.1399418e-02  -7.7707494e-03
   9.0001138e-01  -9.9194417e-03
   8.9162119e-01  -3.9710654e-03
   8.9384183e-01   1.6406836e-02
   8.8749730e-01   2.8526573e-02
   8.8972153e-01   5.9996080e-02
   8.8505347e-01   7.2226702e-02
   8.8984408e-01   1.0922404e-01
   8.7989723e-01   1.2846305e-01
   8.9008365e-01   1.7166296e-01
   8.9781686e-01   1.8521398e-01
   8.9285457e-01   2.2142625e-01
   8.8737248e-01   2.4416804e-01
   8.8195024e-01   2.6027012e-01
   8.7919722e-01   2.8838575e-01
   8.8735674e-01   3.1687197e-01
   8.9687622e-01   3.4400747e-01
   8.8355722e-01   3.4290986e-01
   8.9689138e-01   3.5344425e-01
   8.9075661e-01   3.9400798e-01
   8.9945095e-01   3.8264168e-01
   8.8462159e-01   4.1319919e-01
   8.8396031e-01   4.2531627e-01
   8.9400587e-01   4.3572871e-01
   8.9605648e-01   4.2477609e-01
   8.7809465e-01   4.3906809e-01
   8.9697228e-01   4.5898245e-01
   8.8392296e-01   4.7185683e-01
   8.8773231e-01   4.6507750e-01
   8.9605025e-01   4.7300744e-01
   9.0195274e-01   4.7743964e-01
   8.9654550e-01   4.6202882e-01
   8.8906615e-01   4.8868053e-01
   8.8050015e-01   4.9641142e-01
   8.8506982e-01   4.8788645e-01
   8.9022331e-01   4.8317827e-01
   8.9766837e-01   4.7797343e-01
   8.7725918e-01   4.8981242e-01
   8.8478428e-01   5.0658695e-01
   8.9122867e-01   4.8724687e-01
   8.9202821e-01   5.0007829e-01
   8.9128778e-01   4.8652199e-01
   8.7888437e-01   4.9887145e-01
   8.8822955e-01   4.9185595e-01
   8.9837040e-01   5.1102758e-01
   8.8486686e-01   5.0541482e-01
   8.7906728e-01   5.0256284e-01
   9.0034001e-01   4.9853973e-01
   8.8787680e-01   5.0647909e-01
   8.9419801e-01   4.9710473e-01
   8.8471200e-01   4.9195173e-01
   8.9065550e-01   5.1025386e-01
   8.9975038e-01   5.1098504e-01
   8.8988196e-01   5.1197339e-01
   8.7770372e-01   4.9007197e-01
   8.9659855e-01   4.9918023e-01
   8.9364162e-01   5.1603567e-01
   8.8321343e-01   5.1222303e-01
   8.9291956e-01   5.0271747e-01
   8.9374106e-01   5.0194650e-01
   8.8613113e-01   5.1398800e-01
   8.9411787e-01   5.0089814e-01
   8.8381434e-01   5.0696352e-01
   8.9060326e-01   4.9231243e-01
   8.8106827e-01   5.0927029e-01
   8.8760842e-01   4.9645184e-01
   8.8767251e-01   5.0132519e-01
   8.9803801e-01   5.2077466e-01
   8.8295671e-01   5.0800268e-01
   8.8769261e-01   5.0589546e-01
   1.7708629e-01   5.1444433e-01
   1.5896474e-01   4.9536866e-01
   1.6898813e-01   4.8737018e-01
   1.7492741e-01   4.8234998e-01
   1.5777240e-01   4.5257740e-01
   1.7217428e-01   4.1400383e-01
   1.8148102e-01   3.7834368e-01
   1.7721990e-01   3.5867892e-01
   1.6242446e-01   3.4643895e-01
   1.6741898e-01   3.1319083e-01
   1.7683654e-01   2.6456362e-01
   1.6636689e-01   2.3312013e-01
   1.7030242e-01   2.2682633e-01
   1.8000701e-01   2.1128734e-01
   1.6113896e-01   1.6684015e-01
   1.8104032e-01   1.4864632e-01
   1.7509356e-01   1.4241130e-01
   1.8182175e-01   1.0396075e-01
   1.6352865e-01   1.1576670e-01
   1.7815880e-01   9.9351760e-02
   1.5910499e-01   8.0130165e-02
   1.7721963e-01   7.8920850e-02
   1.8334351e-01   5.7603807e-02
   1.7235616e-01   5.8638445e-02
   1.7559752e-01   4.6967050e-02
   1.5820131e-01   4.3827309e-02
   1.5822621e-01   3.1673227e-02
   1.7130210e-01   2.9614974e-02
   1.5917601e-01   9.8575018e-03
   1.6930293e-01   8.5178021e-03
   1.8057426e-01   1.0360336e-02
   1.6370338e-01  -1.2345456e-02
   1.6920747e-01   1.9019195e-03
   1.6293868e-01  -1.6374170e-03
   1.7932843e-01  -3.7622852e-03
   1.7824902e-01  -1.0346389e-02
   1.6572208e-01  -2.6928548e-02
   1.6690566e-01  -1.8133496e-02
   1.8119311e-01  -2.8038870e-02
   1.7317278e-01  -3.0906173e-02
   1.8120843e-01  -3.0093976e-02
   1.7948447e-01  -3.1775555e-02
   1.6850318e-01  -3.5394711e-02
   1.7109923e-01  -3.2885291e-02
   1.7370787e-01  -2.2806891e-02
   1.7961297e-01  -3.7848620e-02
   1.8053303e-01  -3.4855540e-02
   1.8133216e-01  -1.6133803e-02
   1.7675249e-01  -3.3368696e-02
   1.7575224e-01  -2.4159293e-02
   1.6410149e-01  -2.8630005e-02
   1.7022419e-01  -3.9944521e-02
   1.8283122e-01  -2.3617449e-02
   1.7616620e-01  -1.5869879e-02
   1.7676799e-01  -3.9701036e-02
   1.6669910e-01  -1.5628611e-02
   1.6070712e-01  -3.8207975e-02
   1.7139541e-01  -3.9971960e-02
   1.7167907e-01  -1.9326180e-02
   1.6836488e-01  -2.0277932e-02
   1.7377911e-01  -3.4820318e-02
   1.6218100e-01  -3.3480211e-02
   1.6342376e-01  -3.5124359e-02
   1.7580725e-01  -2.5277799e-02
   1.6951394e-01  -1.6733929e-02
   1.6582696e-01  -1.5503729e-02
   1.7706100e-01  -2.0526171e-02
   1.6155763e-01  -3.0461051e-02
   1.7562135e-01  -3.5493897e-02
   6.4570282e-01  -2.4180718e-02
   6.3767124e-01  -4.2073108e-02
   6.2391044e-01  -2.6161008e-02
   6.3685844e-01  -5.8013010e-03
   6.4119798e-01  -5.4454503e-03
   6.2738375e-01  -2.3284416e-02
   6.4571579e-01  -7.7291562e-03
   6.2889520e-01  -5.9067438e-04
   6.2281818e-01   1.6827438e-02
   6.3812129e-01   5.2264184e-03
   6.4347508e-01   1.2698347e-02
   6.2761379e-01   3.4651295e-02
   6.2732599e-01   4.4649990e-02
   6.2771292e-01   5.5191997e-02
   6.2937232e-01   4.3644136e-02
   6.3589673e-01   5.4188553e-02
   6.3147084e-01   4.8693923e-02
   6.2244117e-01   6.9171366e-02
   6.3032749e-01   6.0053971e-02
   6.3359454e-01   7.8888862e-02
   6.2730345e-01   7.5890643e-02
   6.3948555e-01   6.5782740e-02
   6.2334758e-01   6.6951562e-02
   6.4584428e-01   7.7442680e-02
   6.4068455e-01   6.9408380e-02
   6.4283641e-01   7.0498623e-02
   6.4399577e-01   7.9940533e-02
   6.4497376e-01   7.3789782e-02
   6.4139005e-01   7.6949045e-02
   6.3314959e-01   7.8207974e-02
   6.2995422e-01   9.2233554e-02
   6.3752607e-01   7.6055554e-02
   6.3936057e-01   8.8927168e-02
   6.3032498e-01   8.8338749e-02
   6.4538817e-01   8.0075510e-02
   6.4012326e-01   9.3819269e-02
   6.4215961e-01   8.7189705e-02
   6.2143514e-01   9.7609157e-02
   6.3443443e-01   9.6566717e-02
   6.2294675e-01   9.6617870e-02
   6.4652592e-01   9.1072509e-02
   6.3621116e-01   1.0071560e-01
   6.2582636e-01   8.6406847e-02
   6.4327351e-01   8.0685117e-02
   6.2663868e-01   9.0659151e-02
   6.3722093e-01   1.0466093e-01
   6.4112159e-01   9.5346480e-02
   6.4257526e-01   9.4378488e-02
   6.4433085e-01   9.5645367e-02
   6.4447090e-01   8.0149140e-02
   6.3012792e-01   8.6929961e-02
   6.2265083e-01   9.3849683e-02
   6.4360094e-01   1.0693297e-01
   6.3525551e-01   1.0791170e-01
   6.2531942e-01   9.6028588e-02
   6.2682498e-01   9.6007576e-02
   6.3773444e-01   1.0673489e-01
   6.4386314e-01   1.0190762e-01
   6.4354985e-01   9.0516650e-02
   6.3733232e-01   8.3888159e-02
   6.3932164e-01   1.0176339e-01
   6.3406822e-01   9.2747421e-02
   6.3123398e-01   9.8485931e-02
   6.3530901e-01   1.0643372e-01
   6.3478105e-01   9.2681057e-02
   6.2706861e-01   9.6899184e-02
   6.4570733e-01   9.5627750e-02
   6.4315599e-01   8.8713994e-02
   6.3247761e-01   9.4929307e-02
  -1.6407579e-01   9.0272352e-02
  -1.5498669e-01   1.0796987e-01
  -1.4537322e-01   8.2015576e-02
  -1.6232201e-01   7.9348328e-02
  -1.4317171e-01   9.6202923e-02
  -1.4381769e-01   9.0696676e-02
  -1.5083770e-01   8.6166675e-02
  -1.5662668e-01   7.5001747e-02
  -1.6356436e-01   8.1776235e-02
  -1.4606393e-01   6.6578696e-02
  -1.5771111e-01   6.6699669e-02
  -1.6686966e-01   6.7972135e-02
  -1.4506354e-01   6.5101917e-02
  -1.6777915e-01   7.6506788e-02
  -1.4841271e-01   7.0995979e-02
  -1.6256513e-01   5.8863863e-02
  -1.6231558e-01   4.8664447e-02
  -1.5867234e-01   5.6261532e-02
  -1.4874847e-01   4.3755950e-02
  -1.4915529e-01   3.7814194e-02
  -1.6376933e-01   5.9306759e-02
  -1.4958342e-01   5.8726108e-02
  -1.5047299e-01   5.8811157e-02
  -1.6083603e-01   4.7930251e-02
  -1.4907748e-01   3.5895124e-02
  -1.6302819e-01   5.4157521e-02
  -1.4321984e-01   3.9757271e-02
  -1.6456535e-01   3.0165705e-02
  -1.5334636e-01   5.3602169e-02
  -1.5790857e-01   4.3123740e-02
  -1.5708765e-01   5.4667433e-02
  -1.6465423e-01   3.9185069e-02
  -1.6745459e-01   3.8751101e-02
  -1.5200499e-01   5.2017403e-02
  -1.5777735e-01   4.7587449e-02
  -1.5112492e-01   4.7952210e-02
  -1.5847673e-01   4.1869124e-02
  -1.6675577e-01   4.4761997e-02
  -1.5439440e-01   4.9362110e-02
  -1.5055476e-01   3.0151759e-02
  -1.5466488e-01   4.9890944e-02
  -1.6609926e-01   3.2047678e-02
  -1.6595733e-01   5.5730011e-02
  -1.5541261e-01   5.4708483e-02
  -1.5194658e-01   5.5178963e-02
  -1.4895530e-01   4.3007867e-02
  -1.6260882e-01   5.1373949e-02
  -1.4953610e-01   5.2671076e-02
  -1.4804228e-01   5.5869347e-02
  -1.4879599e-01   4.6252471e-02
  -1.5974019e-01   4.2207564e-02
  -1.6704748e-01   5.2713820e-02
  -1.4474306e-01   3.7105421e-02
  -1.4403678e-01   3.5962549e-02
  -1.5019042e-01   4.8827343e-02
  -1.6691683e-01   4.3851324e-02
  -1.5988376e-01   5.5707606e-02
  -1.5593727e-01   3.0179678e-02
  -1.5932004e-01   4.3328504e-02
  -1.6295162e-01   2.9467957e-02
  -1.4566130e-01   4.5810599e-02
  -1.5966600e-01   3.5744376e-02
  -1.4779222e-01   5.5108260e-02
  -1.5863142e-01   3.4601708e-02
  -1.5862661e-01   5.3816908e-02
  -1.6001509e-01   5.2018007e-02
  -1.6674251e-01   3.9777823e-02
  -1.5996749e-01   4.4223514e-02
  -1.6504780e-01   3.8900332e-02
   5.9764628e-01   4.2628064e-02
   6.1079211e-01   4.1566528e-02
   6.0807261e-01   4.5453160e-02
   6.0043337e-01   2.8195564e-02
   6.0132865e-01   3.5145318e-02
   6.0369938e-01   5.8687355e-02
   6.0481666e-01   3.8508062e-02
   6.1955790e-01   5.8967868e-02
   6.1449243e-01   6.5020916e-02
   5.9939344e-01   4.4085141e-02
   5.9930586e-01   6.1213444e-02
   6.0401343e-01   4.3683647e-02
   6.2113348e-01   5.0933445e-02
   6.1157204e-01   6.8852538e-02
   6.1359001e-01   6.5975772e-02
   6.1619520e-01   5.8152118e-02
   6.1953845e-01   7.2909656e-02
   6.0655853e-01   5.8301808e-02
   5.9776157e-01   6.1372091e-02
   6.0375410e-01   5.1448125e-02
   6.0812016e-01   6.7754293e-02
   6.1348453e-01   8.1129975e-02
   6.0616558e-01   7.8655343e-02
   6.1613015e-01   6.7882456e-02
   5.9649754e-01   6.5461863e-02
   6.2246692e-01   6.9542902e-02
   5.9787287e-01   8.0840055e-02
   6.0645042e-01   7.7589858e-02
   6.1611821e-01   8.4671721e-02
   6.0363582e-01   8.5526102e-02
   6.1119782e-01   7.6734502e-02
   6.0933956e-01   6.4634285e-02
   6.0628705e-01   8.2415729e-02
   6.1347694e-01   6.1214437e-02
   6.0741069e-01   6.8622302e-02
   6.0999163e-01   6.0262370e-02
   6.1630298e-01   8.2561570e-02
   5.9722195e-01   6.3430954e-02
   6.0844601e-01   7.0107711e-02
   6.1455995e-01   6.2389346e-02
   6.1599551e-01   8.0447179e-02
   6.1951186e-01   6.9895286e-02
   6.0790628e-01   7.4903668e-02
   6.1582116e-01   6.8079888e-02
   6.1044289e-01   8.6822142e-02
   6.1687314e-01   6.8935579e-02
   6.0757612e-01   6.8721448e-02
   6.0402098e-01   6.4077739e-02
   6.1871328e-01   6.3035748e-02
   5.9749915e-01   6.7405331e-02
   5.9661707e-01   6.7682591e-02
   6.2177534e-01   7.9245139e-02
   6.0163140e-01   8.6492783e-02
   6.0881462e-01   7.5564749e-02
   5.9792783e-01   6.6311635e-02
   6.1324535e-01   5.9871782e-02
   5.9856854e-01   7.1162149e-02
   6.0855018e-01   7.5183637e-02
   6.1842443e-01   5.7968682e-02
   5.9970511e-01   6.0196104e-02
   6.1851447e-01   6.2170955e-02
   6.1104135e-01   7.8862484e-02
   6.2028412e-01   6.6506515e-02
   5.9685196e-01   5.9722838e-02
   6.2121853e-01   6.7003164e-02
   6.1391357e-01   8.4263809e-02
   5.9832633e-01   8.0742783e-02
   6.1718709e-01   8.6047900e-02
   6.0564904e-01   7.7848537e-02
  -4.6444250e-01   6.7719879e-02
  -4.6366764e-01   7.4192177e-02
  -4.5161237e-01   6.0706838e-02
  -4.4796727e-01   7.8573484e-02
  -4.4690533e-01   9.5297033e-02
  -4.5968277e-01   8.7318463e-02
  -4.6228611e-01   1.0243431e-01
  -4.5413449e-01   9.1157826e-02
  -4.5990135e-01   1.0742957e-01
  -4.6051740e-01   1.3387685e-01
  -4.5829642e-01   1.2325491e-01
  -4.5870698e-01   1.4527393e-01
  -4.5713841e-01   1.4803651e-01
  -4.4450021e-01   1.4353873e-01
  -4.4948590e-01   1.3866269e-01
  -4.4108022e-01   1.5265524e-01
  -4.5250979e-01   1.7120112e-01
  -4.6168768e-01   1.4882605e-01
  -4.4242575e-01   1.6266043e-01
  -4.5852837e-01   1.7024472e-01
  -4.4106039e-01   1.7963064e-01
  -4.5730039e-01   1.7968568e-01
  -4.5124921e-01   1.7909187e-01
  -4.5470806e-01   1.9326588e-01
  -4.4489273e-01   1.8948177e-01
  -4.4278387e-01   1.9392097e-01
  -4.4798123e-01   1.8875779e-01
  -4.4192716e-01   1.8862454e-01
  -4.3933284e-01   1.7646890e-01
  -4.4474762e-01   2.0254383e-01
  -4.4593375e-01   2.0453605e-01
  -4.4680450e-01   1.9242200e-01
  -4.5357010e-01   1.7661558e-01
  -4.5872994e-01   1.8301332e-01
  -4.4968753e-01   2.0492416e-01
  -4.6484998e-01   1.8724036e-01
  -4.5549593e-01   1.9928653e-01
  -4.5832309e-01   1.8673275e-01
  -4.6298079e-01   1.9352127e-01
  -4.5269878e-01   1.9664146e-01
  -4.5167056e-01   2.0218087e-01
  -4.4457213e-01   1.9116070e-01
  -4.4153601e-01   1.8472953e-01
  -4.5004711e-01   1.9356218e-01
  -4.5056874e-01   1.8981604e-01
  -4.4950852e-01   1.8120134e-01
  -4.4718285e-01   1.8492556e-01
  -4.4292176e-01   1.9778545e-01
  -4.5896092e-01   1.9464147e-01
  -4.6077927e-01   1.8271298e-01
  -4.5143574e-01   1.8151726e-01
  -4.6003277e-01   1.9688482e-01
  -4.5214707e-01   1.9585459e-01
  -4.5655169e-01   1.8208657e-01
  -4.4399425e-01   2.0076107e-01
  -4.5196646e-01   1.9430087e-01
  -4.6293652e-01   1.8770505e-01
  -4.4537660e-01   1.9074307e-01
  -4.5545337e-01   2.0204340e-01
  -4.6248717e-01   1.8682378e-01
  -4.5015095e-01   1.8851431e-01
  -4.6356660e-01   1.8511791e-01
  -4.6477995e-01   1.8748915e-01
  -4.5382299e-01   1.9661077e-01
  -4.4722041e-01   1.9873779e-01
  -4.5170978e-01   1.9472788e-01
  -4.6477940e-01   2.0119276e-01
  -4.5696093e-01   2.0894723e-01
  -4.4749524e-01   1.8511711e-01
  -1.1116435e-02   2.0571811e-01
  -2.0759152e-02   2.0768506e-01
   3.1971951e-03   1.8024943e-01
   3.9853669e-03   1.8609349e-01
  -4.4672441e-03   1.7499267e-01
  -5.3966556e-03   1.7792050e-01
  -2.9224612e-03   1.5629753e-01
  -2.1897325e-02   1.4241846e-01
   1.1815781e-03   1.4673146e-01
  -1.6127480e-02   1.2939938e-01
  -4.9419220e-03   1.0040337e-01
   3.0946404e-04   8.9147207e-02
   3.6907041e-04   9.1077776e-02
  -1.6015301e-02   7.7288856e-02
  -1.8845427e-02   7.7311363e-02
  -1.2287856e-02   7.5106404e-02
  -2.0129675e-02   7.4313536e-02
  -1.4802616e-02   4.4806386e-02
  -8.3526341e-03   4.1456752e-02
  -6.9828168e-04   3.3187911e-02
  -3.8198139e-03   3.0019768e-02
  -5.6579347e-03   2.7354833e-02
   1.3037389e-03   3.4862997e-02
  -1.5547523e-02   1.7659422e-02
  -5.2410855e-03   2.4041775e-02
   6.8214757e-04   3.3051012e-02
  -5.3883245e-03   9.3655339e-03
  -1.5673290e-02   2.6040409e-02
  -2.0179850e-02   3.0215425e-02
  -7.3023782e-03   1.8859192e-02
  -2.6807198e-03   2.2000564e-02
   3.1708768e-03   1.6554651e-04
  -1.0768172e-02   2.5579118e-02
  -4.8602015e-03  -3.7451324e-03
  -8.1747480e-03  -5.5247457e-03
  -7.5417226e-03   1.8631932e-02
  -1.3299398e-02   5.4354450e-03
  -1.0155503e-03   9.6853098e-03
  -2.0606449e-02  -1.0655759e-03
   1.7476020e-03   1.7893538e-02
  -1.0440894e-02   1.8500328e-02
  -7.9928448e-03   1.3603074e-02
  -1.7663297e-02   3.7772993e-03
  -5.4776006e-03   1.3622363e-02
  -4.4288734e-03   1.8542002e-02
  -5.4225784e-03   7.1823950e-03
  -1.3999724e-02   7.9662810e-03
  -4.7340742e-03  -5.1275591e-03
   1.0795382e-03   9.6329055e-03
  -1.8291294e-03   1.0337073e-03
  -2.9696617e-03  -3.6869692e-03
   2.9405666e-03  -6.2432533e-03
  -5.6071335e-04  -1.1964347e-02
  -6.4704061e-03   1.5978521e-04
  -9.8862021e-03   2.4789575e-04
  -8.8032103e-03  -8.3286456e-03
  -2.9329283e-03  -1.1893779e-02
  -1.4987586e-02   4.6465405e-03
  -1.9435599e-02   1.7134184e-02
  -4.0644022e-03   8.0337147e-03
  -6.7617742e-04   1.0800662e-02
  -1.2975660e-02   2.6492150e-03
  -1.9983808e-02   1.6477188e-02
  -2.0361127e-02   2.2256298e-03
  -3.1043713e-03   1.5354678e-02
  -1.8014139e-02   1.0208003e-02
  -1.4759451e-02   1.4454716e-03
  -1.0511533e-02  -5.1145963e-03
  -1.0776808e-03   6.8146452e-03
   3.1553684e-01  -3.2398261e-03
   3.2352250e-01   8.8267936e-03
   3.3793372e-01   5.3471931e-03
   3.3192645e-01   7.6068403e-03
   3.3019369e-01   6.2604626e-03
   3.1435463e-01  -4.4858244e-03
   3.1313902e-01  -1.0942812e-02
   3.3534749e-01  -1.2909915e-02
   3.1291181e-01  -2.3628449e-04
   3.3566433e-01  -5.6585177e-03
   3.2999982e-01  -4.6486613e-03
   3.1303659e-01  -1.0535843e-02
   3.1518670e-01  -2.3272821e-02
   3.3279670e-01  -2.1201457e-02
   3.3219034e-01  -2.3816457e-02
   3.2951411e-01  -2.8336651e-02
   3.1559722e-01  -1.7938489e-02
   3.1267856e-01  -1.1238598e-02
   3.2890151e-01  -1.6607278e-02
   3.3466819e-01  -1.6161122e-02
   3.3718691e-01  -2.6695577e-02
   3.2689473e-01  -4.1441925e-02
   3.3554497e-01  -1.8966647e-02
   3.3285958e-01  -3.0682897e-02
   3.2781645e-01  -2.1293182e-02
   3.2475368e-01  -2.7463452e-02
   3.2166653e-01  -4.2928304e-02
   3.2952690e-01  -4.0036248e-02
   3.2599848e-01  -3.1123281e-02
   3.2125043e-01  -3.8733420e-02
   3.1539622e-01  -2.5364597e-02
   3.1552108e-01  -3.6661297e-02
   3.1506462e-01  -3.5561970e-02
   3.2134531e-01  -2.6790249e-02
   3.2387612e-01  -3.3755549e-02
   3.1531596e-01  -3.0097546e-02
   3.3143924e-01  -4.1994010e-02
   3.2086476e-01  -2.1526648e-02
   3.2043257e-01  -3.5149082e-02
   3.3243188e-01  -2.3935336e-02
   3.1623954e-01  -3.9373350e-02
   3.3587965e-01  -2.7221437e-02
   3.1615092e-01  -4.7227111e-02
   3.2864417e-01  -4.5655431e-02
   3.1735805e-01  -2.8260505e-02
   3.3709280e-01  -3.9481605e-02
   3.2821046e-01  -3.3953155e-02
   3.2418606e-01  -1.8091104e-02
   3.2791977e-01  -3.2739450e-02
   3.2891408e-01  -3.1994048e-02
   3.2238892e-01  -3.9384190e-02
   3.3501004e-01  -3.1008823e-02
   3.1296588e-01  -4.3196948e-02
   3.2895685e-01  -1.8024501e-02
   3.1815191e-01  -3.1374482e-02
   3.1289359e-01  -3.1235274e-02
   3.1279565e-01  -2.5381959e-02
   3.2966875e-01  -1.8253404e-02
   3.3255938e-01  -4.1732545e-02
   3.2585804e-01  -1.9265393e-02
   3.2268546e-01  -4.7739001e-02
   3.1707119e-01  -2.5335692e-02
   3.2485356e-01  -2.3339798e-02
   3.1599790e-01  -2.2294529e-02
   3.3106533e-01  -4.0591272e-02
   3.2760061e-01  -2.3901592e-02
   3.1765135e-01  -4.2777148e-02
   3.2469069e-01  -2.0731846e-02
   3.2790650e-01  -3.9668244e-02
  -7.1351404e-01  -2.7873261e-02
  -7.1696095e-01  -4.4721534e-02
  -6.9587005e-01  -2.1585558e-02
  -7.1316691e-01   1.6407336e-03
  -7.1662462e-01   2.7087323e-02
  -7.1958065e-01   6.5039482e-02
  -7.1857857e-01   9.9946955e-02
  -7.2019057e-01   1.2070995e-01
  -7.0480707e-01   1.4952515e-01
  -7.0541408e-01   1.8057236e-01
  -7.1782149e-01   2.1803139e-01
  -7.0062561e-01   2.5498323e-01
  -6.9728794e-01   2.7842236e-01
  -7.1870539e-01   2.9178393e-01
  -7.2132148e-01   3.2285407e-01
  -7.2054069e-01   3.5422658e-01
  -7.1848353e-01   3.6177508e-01
  -7.0244239e-01   3.8422237e-01
  -7.0136320e-01   3.9909345e-01
  -7.0368395e-01   4.0443193e-01
  -7.2065974e-01   4.3501499e-01
  -6.9865188e-01   4.4549389e-01
  -7.2039508e-01   4.4215939e-01
  -7.0117039e-01   4.6149723e-01
  -7.0595486e-01   4.6098685e-01
  -7.1500272e-01   4.7931887e-01
  -6.9797067e-01   4.7082247e-01
  -7.0382222e-01   4.8328796e-01
  -7.0446240e-01   4.9283346e-01
  -7.2031223e-01   4.8878278e-01
  -7.0934845e-01   5.0684936e-01
  -7.0226158e-01   5.0378435e-01
  -7.1090551e-01   4.9709501e-01
  -7.0361289e-01   5.0819853e-01
  -7.0193216e-01   5.1074622e-01
  -7.0182075e-01   5.3259141e-01
  -7.0729643e-01   5.2481378e-01
  -7.1114772e-01   5.1806344e-01
  -7.1389885e-01   5.1506235e-01
  -7.1081513e-01   5.3868446e-01
  -7.0016578e-01   5.4155282e-01
  -7.0984663e-01   5.2815519e-01
  -6.9902690e-01   5.4228019e-01
  -7.1089313e-01   5.2882795e-01
  -7.0710700e-01   5.2434711e-01
  -7.1607377e-01   5.2742881e-01
  -7.0983198e-01   5.3605442e-01
  -7.0559851e-01   5.2861510e-01
  -7.1290150e-01   5.3790603e-01
  -7.0082340e-01   5.2989472e-01
  -7.0699342e-01   5.4268462e-01
  -7.1807532e-01   5.3603062e-01
  -7.2099010e-01   5.3438049e-01
  -7.1173706e-01   5.3618415e-01
  -7.0218870e-01   5.2101808e-01
  -7.0460839e-01   5.4499591e-01
  -7.1782365e-01   5.2917180e-01
  -7.1711706e-01   5.3927550e-01
  -7.1254090e-01   5.4730523e-01
  -7.1587359e-01   5.4137386e-01
  -7.1021812e-01   5.3786654e-01
  -7.0491212e-01   5.3399447e-01
  -7.1123767e-01   5.3623064e-01
  -6.9602806e-01   5.3727671e-01
  -7.0328318e-01   5.3911793e-01
  -7.2120283e-01   5.4657793e-01
  -6.9802760e-01   5.3539480e-01
  -7.2140883e-01   5.4656134e-01
  -7.0164519e-01   5.3122330e-01
   2.8204876e-01   5.2179839e-01
   2.9538158e-01   5.3622461e-01
   2.8351265e-01   5.3114870e-01
   2.9980509e-01   5.1440506e-01
   2.8571260e-01   4.6947416e-01
   2.9454262e-01   4.6090991e-01
   3.0249980e-01   4.1239714e-01
   2.8877688e-01   3.6943520e-01
   2.9745038e-01   3.5829063e-01
   3.0314623e-01   3.3080988e-01
   2.9730758e-01   2.9916577e-01
   2.9953436e-01   2.4501756e-01
   2.8609931e-01   2.3197851e-01
   2.9950803e-01   2.1188694e-01
   2.9530500e-01   1.7850021e-01
   2.9143608e-01   1.5934392e-01
   3.0289200e-01   1.3402557e-01
   2.9487896e-01   1.2839873e-01
   2.8448968e-01   9.8076507e-02
   2.9913775e-01   8.7840387e-02
   2.7761117e-01   8.8054123e-02
   3.0277489e-01   6.6518707e-02
   2.9097801e-01   6.4558631e-02
   2.8685833e-01   4.2496806e-02
   2.8455693e-01   3.8054603e-02
   2.8054873e-01   1.7454050e-02
   2.9229255e-01   1.8323012e-02
   2.9918035e-01   1.1219917e-02
   2.9546071e-01   1.5491143e-02
   2.9457754e-01  -9.5003978e-03
   2.8151460e-01   1.2289444e-02
   2.8696783e-01  -5.5778310e-03
   2.9585223e-01   4.1669311e-03
   3.0168186e-01  -2.3437508e-02
   2.9407055e-01  -1.0567922e-02
   2.8612391e-01  -1.4800757e-02
   2.9487775e-01  -1.4454222e-02
   2.8009881e-01  -1.1102914e-02
   2.7805888e-01  -3.5562561e-02
   2.8165487e-01  -1.2844867e-02
   2.9747168e-01  -3.9279665e-02
   3.0061088e-01  -1.1502469e-02
   2.9877117e-01  -3.8948335e-02
   2.8133514e-01  -4.0950043e-02
   3.0003428e-01  -3.1067113e-02
   2.8714625e-01  -2.9353183e-02
   2.9443763e-01  -2.6879634e-02
   2.9644628e-01  -1.5365777e-02
   2.8732648e-01  -3.4063137e-02
   2.9502551e-01  -4.2480554e-02
   2.9030120e-01  -2.5601389e-02
   3.0148235e-01  -3.8694201e-02
   2.8361215e-01  -3.9450785e-02
   2.8241098e-01  -2.9970157e-02
   2.9066451e-01  -4.6508362e-02
   2.9046902e-01  -2.8481738e-02
   2.9316820e-01  -4.2702431e-02
   3.0182179e-01  -2.1179596e-02
   2.8915081e-01  -2.4304799e-02
   2.9402901e-01  -4.2172970e-02
   2.8613135e-01  -4.2608627e-02
   2.8768219e-01  -3.6380957e-02
   2.9946258e-01  -2.6097477e-02
   2.8976004e-01  -1.9243453e-02
   2.8506839e-01  -2.1300074e-02
   3.0164278e-01  -3.0582988e-02
   2.9918145e-01  -2.5694535e-02
   2.9405630e-01  -2.9567577e-02
   2.7781415e-01  -3.0722030e-02
   6.4548364e-02  -4.4139995e-02
   6.1273804e-02  -4.2821437e-02
   6.4587819e-02  -3.6892670e-02
   6.3869468e-02  -2.8550421e-02
   8.0515791e-02  -2.8604264e-02
   6.6572760e-02  -2.0169323e-02
   5.8597306e-02  -3.5813416e-02
   6.9126631e-02  -3.9221121e-02
   7.2030676e-02  -2.2452367e-02
   5.5470015e-02  -1.8755235e-02
   5.5525588e-02  -3.0578967e-02
   6.7904949e-02  -2.8675307e-02
   7.5069151e-02  -3.5766715e-02
   7.6187821e-02  -1.6025199e-02
   5.6308555e-02  -3.3046781e-02
   5.8908356e-02  -3.4186772e-02
   6.3090270e-02  -1.4246523e-02
   6.0729557e-02  -1.3131625e-02
   7.3939985e-02  -1.7648988e-02
   6.0847065e-02  -8.5839598e-03
   7.9492883e-02  -8.5377500e-03
   7.5897505e-02  -1.3686775e-02
   7.0206572e-02  -2.9257202e-02
   5.7755666e-02  -1.8427486e-02
   7.7447282e-02  -5.3182868e-03
   6.8543223e-02  -2.7045412e-02
   6.7584823e-02  -8.9278152e-03
   5.9546543e-02  -1.8653004e-02
   6.7772355e-02  -1.4673546e-02
   6.0084445e-02  -1.9673871e-02
   5.4898652e-02  -1.9071664e-02
   7.2025919e-02  -8.7182525e-03
   6.8639593e-02  -1.7501023e-02
   7.7292034e-02  -1.4530385e-02
   6.5840793e-02  -1.5777745e-02
   7.9385893e-02  -2.5873131e-02
   7.1975875e-02  -1.3000601e-02
   6.5654539e-02  -2.5311688e-02
   5.5568433e-02  -1.1390198e-02
   7.5715913e-02  -1.4305542e-02
   8.0031512e-02  -2.6129197e-02
   6.6654153e-02  -2.6491417e-02
   7.4158422e-02  -1.9678883e-02
   5.9785834e-02  -1.1305599e-02
   7.5035515e-02  -1.4059438e-02
   6.1470167e-02  -2.1406859e-02
   6.6783485e-02  -2.4919039e-02
   6.5460026e-02  -2.0597553e-02
   5.6619926e-02  -8.4031504e-04
   7.4408781e-02   3.8954777e-04
   5.9674112e-02  -1.9384860e-02
   6.5826198e-02  -1.4435554e-02
   7.8857005e-02  -1.6574151e-02
   5.7777523e-02  -5.0874465e-03
   6.7794308e-02  -1.6343134e-02
   7.0384838e-02  -1.0750973e-03
   6.1671427e-02  -4.4093082e-04
   7.5732874e-02  -7.3411305e-03
   6.9345056e-02   1.1056702e-03
   6.2531918e-02  -2.0259226e-02
   7.9344346e-02  -2.6985499e-02
   7.2152935e-02  -5.2162730e-03
   6.2244949e-02  -1.5442782e-02
   5.5904241e-02  -9.6978152e-03
   5.5236947e-02  -1.8448592e-03
   5.6796218e-02  -1.4342907e-02
   8.0096625e-02  -6.9907731e-03
   7.3993120e-02  -4.9380984e-03
   6.6044040e-02  -1.3646146e-02
  -2.3230454e-02  -8.7314243e-03
  -2.0335942e-02  -8.6711386e-03
  -2.2237566e-02  -1.9633886e-02
  -2.6262278e-02  -1.7136664e-02
  -3.9853135e-02  -6.0579193e-03
  -4.0051484e-02  -1.4471422e-02
  -2.0594675e-02  -2.6393849e-03
  -3.8503552e-02  -2.1710012e-02
  -2.9622266e-02  -4.5947956e-03
  -3.4955915e-02  -1.4383572e-02
  -2.5999141e-02   4.0175444e-03
  -2.6122289e-02   3.1971259e-03
  -3.3363137e-02   3.5672358e-03
  -3.7679193e-02   1.1404024e-02
  -4.0087181e-02  -1.1155474e-02
  -3.2480416e-02  -3.0509110e-03
  -4.4497532e-02   1.2088538e-03
  -4.0833855e-02   3.7796618e-04
  -3.9906577e-02  -1.2509556e-02
  -3.7783953e-02  -1.2675426e-03
  -2.0134177e-02   1.5558284e-02
  -2.0559756e-02  -6.4048844e-03
  -4.2089609e-02   5.4680072e-03
  -2.6836908e-02   5.0388691e-03
  -3.6228101e-02   1.3585752e-02
  -2.3501936e-02   1.6499737e-02
  -2.4005462e-02  -2.6519049e-03
  -2.1500620e-02   9.7611005e-03
  -3.1224572e-02  -3.5811768e-03
  -2.4452844e-02   1.3545375e-02
  -2.2914051e-02   1.2238302e-02
  -3.7830747e-02  -8.1506002e-03
  -4.4185688e-02   9.8815963e-03
  -4.5163164e-02   1.6213066e-02
  -2.4850968e-02   1.3510696e-02
  -3.5427973e-02   1.7778859e-02
  -2.1010628e-02   1.5131633e-02
  -4.2188500e-02   1.0520898e-02
  -3.3276797e-02   1.6527779e-02
  -2.6036382e-02   1.0255751e-02
  -2.7599065e-02   7.5318531e-03
  -3.8230392e-02   1.9899453e-02
  -4.5174052e-02   1.8511587e-02
  -3.6872449e-02   2.0119860e-02
  -4.2437301e-02  -3.3017422e-03
  -4.2162789e-02   1.9171849e-02
  -2.0705250e-02  -7.2886443e-03
  -2.0456793e-02   1.4550707e-02
  -3.5003543e-02   9.7655704e-03
  -3.3639166e-02   5.0397447e-03
  -4.5404711e-02  -5.3229497e-03
  -4.1904550e-02   6.4394943e-03
  -3.7969720e-02  -1.4472036e-03
  -3.5956213e-02  -5.7850905e-03
  -3.4370515e-02  -7.4539498e-03
  -3.4846618e-02  -1.9531621e-03
  -3.7475231e-02  -5.3527294e-03
  -4.4216241e-02   2.1137227e-02
  -4.1542601e-02   5.9861701e-03
  -2.3295867e-02   1.8415706e-02
  -4.3235554e-02   9.6481294e-04
  -2.6170700e-02  -5.7750454e-03
  -3.4091938e-02   4.5359690e-03
  -2.2246155e-02   4.0354422e-03
  -2.5204162e-02   4.6306770e-03
  -2.8744981e-02   2.1913768e-02
  -2.8601022e-02   2.2225052e-02
  -4.3978143e-02   8.1834007e-03
  -1.9900794e-02   2.9214736e-03
  -2.0935972e-01   4.7662553e-03
  -2.0997465e-01   2.0924474e-04
  -2.2856468e-01   9.2148479e-03
  -2.1498747e-01   2.3242464e-02
  -2.0680843e-01   6.9662537e-03
  -2.2584004e-01   1.2815330e-03
  -2.1600742e-01   1.2674324e-02
  -2.2954792e-01   9.2351398e-03
  -2.2870919e-01   2.0440750e-02
  -2.2430104e-01   4.0680997e-02
  -2.1968694e-01   4.1408738e-02
  -2.0499385e-01   3.6364424e-02
  -2.1125609e-01   4.7809151e-02
  -2.1573954e-01   3.8097855e-02
  -2.2708793e-01   3.3422481e-02
  -2.2322640e-01   5.3464229e-02
  -2.2251603e-01   4.0891485e-02
  -2.2045419e-01   4.9224637e-02
  -2.0862338e-01   3.8541057e-02
  -2.1624369e-01   3.7809604e-02
  -2.2066085e-01   5.6980386e-02
  -2.2103739e-01   4.4907525e-02
  -2.2370715e-01   6.3302490e-02
  -2.0496348e-01   4.4371568e-02
  -2.0579262e-01   4.5331156e-02
  -2.1306496e-01   5.0030340e-02
  -2.2861226e-01   4.7656649e-02
  -2.2875141e-01   6.3702240e-02
  -2.2924067e-01   5.6118299e-02
  -2.0391890e-01   6.8633533e-02
  -2.1047544e-01   6.3928821e-02
  -2.0733711e-01   7.3423691e-02
  -2.1228203e-01   6.9044333e-02
  -2.2690529e-01   5.6401337e-02
  -2.1758399e-01   4.9663528e-02
  -2.2932666e-01   4.7022528e-02
  -2.1005942e-01   5.3104846e-02
  -2.2505635e-01   6.4711158e-02
  -2.2268792e-01   4.6855853e-02
  -2.1380055e-01   5.9626560e-02
  -2.2281770e-01   5.8588999e-02
  -2.0901194e-01   6.4637766e-02
  -2.1772896e-01   6.6837027e-02
  -2.1582009e-01   5.1162460e-02
  -2.2456838e-01   5.8395218e-02
  -2.0725207e-01   5.2807167e-02
  -2.0591533e-01   4.7342113e-02
  -2.1484677e-01   5.9087969e-02
  -2.2213108e-01   5.3845005e-02
  -2.2915181e-01   5.0327903e-02
  -2.0450414e-01   6.0286298e-02
  -2.2814187e-01   7.5786451e-02
  -2.1501190e-01   7.0239178e-02
  -2.2574920e-01   6.7859376e-02
  -2.0777857e-01   7.0525250e-02
  -2.1653244e-01   4.7835774e-02
  -2.0961217e-01   7.5426908e-02
  -2.1653241e-01   7.0292076e-02
  -2.1495958e-01   5.7765052e-02
  -2.1866250e-01   6.5281699e-02
  -2.1126374e-01   6.5581851e-02
  -2.2891760e-01   6.6063842e-02
  -2.2339258e-01   6.5233192e-02
  -2.2388830e-01   7.3117548e-02
  -2.0645732e-01   4.9752032e-02
  -2.0494902e-01   7.1832712e-02
  -2.2323503e-01   7.6734693e-02
  -2.2919059e-01   7.0328961e-02
  -2.0398148e-01   6.2252652e-02
  -1.1720630e-01   5.9570613e-02
  -1.1878763e-01   5.3764943e-02
  -1.1894042e-01   6.5696094e-02
  -1.1987950e-01   6.4585648e-02
  -1.2719209e-01   5.9048631e-02
  -1.2039589e-01   4.5712091e-02
  -1.3133064e-01   6.3089522e-02
  -1.2760106e-01   4.9601311e-02
  -1.3593664e-01   5.1081937e-02
  -1.2613163e-01   5.1725900e-02
  -1.1877541e-01   4.6122007e-02
  -1.4226172e-01   3.5834388e-02
  -1.3878995e-01   4.5525949e-02
  -1.1727619e-01   4.4440700e-02
  -1.2457741e-01   5.6822770e-02
  -1.3300092e-01   5.2836069e-02
  -1.1858332e-01   4.8009176e-02
  -1.2389485e-01   2.9652982e-02
  -1.3179885e-01   3.2691230e-02
  -1.2210053e-01   5.1400467e-02
  -1.3275529e-01   3.1359466e-02
  -1.3614231e-01   3.7065353e-02
  -1.3565738e-01   2.9595359e-02
  -1.3754110e-01   2.3769803e-02
  -1.3099172e-01   3.4263071e-02
  -1.3907799e-01   2.3589905e-02
  -1.3846278e-01   2.4845747e-02
  -1.3838031e-01   4.8346732e-02
  -1.2113398e-01   2.4942911e-02
  -1.1953959e-01   3.3279391e-02
  -1.3379379e-01   2.3445499e-02
  -1.3031246e-01   2.0878823e-02
  -1.3161918e-01   2.0647128e-02
  -1.4171570e-01   4.7023308e-02
  -1.3348102e-01   4.4149262e-02
  -1.3750684e-01   2.7847965e-02
  -1.3887376e-01   2.2176641e-02
  -1.2909103e-01   2.5386900e-02
  -1.3744341e-01   4.6413280e-02
  -1.3629262e-01   3.2882358e-02
  -1.3121326e-01   2.9622127e-02
  -1.3406633e-01   4.1829844e-02
  -1.4010887e-01   2.6685559e-02
  -1.2601981e-01   2.9433065e-02
  -1.3055616e-01   4.4715941e-02
  -1.4282496e-01   2.7862435e-02
  -1.3726737e-01   3.8159216e-02
  -1.2332267e-01   2.5724871e-02
  -1.1926065e-01   4.7548475e-02
  -1.2382825e-01   3.4621756e-02
  -1.3970878e-01   3.3960150e-02
  -1.2930302e-01   4.1347171e-02
  -1.2565730e-01   2.6158371e-02
  -1.1703077e-01   3.0218106e-02
  -1.3511907e-01   3.9582333e-02
  -1.1954410e-01   1.9023265e-02
  -1.2514374e-01   4.7299365e-02
  -1.3797288e-01   2.8905037e-02
  -1.3554090e-01   4.5492309e-02
  -1.2577707e-01   3.1114564e-02
  -1.2037688e-01   3.1802537e-02
  -1.2461047e-01   3.0360407e-02
  -1.2652156e-01   4.3346051e-02
  -1.3505278e-01   3.3949436e-02
  -1.2879927e-01   4.3350337e-02
  -1.2336176e-01   4.6784073e-02
  -1.2189473e-01   2.7512210e-02
  -1.3061495e-01   3.2631778e-02
  -1.1809370e-01   4.1996171e-02
   3.3034292e-01   1.8257285e-02
   3.4497286e-01   2.6968672e-02
   3.3636507e-01   1.8526171e-02
   3.3294493e-01   3.9272519e-02
   3.3231720e-01   3.2180680e-02
   3.2971430e-01   1.3955536e-02
   3.4201161e-01   1.8768538e-02
   3.4940666e-01   2.8543778e-02
   3.4799206e-01  -6.4977525e-04
   3.4949809e-01   1.2062849e-02
   3.3743691e-01   1.1334406e-02
   3.5246933e-01   1.2043516e-02
   3.4524246e-01   1.2109392e-02
   3.4591353e-01  -8.8695018e-03
   3.5194317e-01   3.4257169e-03
   3.4265215e-01   4.3782539e-03
   3.4348178e-01  -2.4411158e-02
   3.3121752e-01  -1.8004114e-02
   3.4836089e-01  -1.0848101e-02
   3.3249435e-01  -1.3923564e-02
   3.4387299e-01  -3.3352115e-02
   3.4847925e-01  -1.0307867e-02
   3.5015988e-01  -1.1208256e-02
   3.3067867e-01  -2.6701495e-02
   3.3602935e-01  -3.6008952e-02
   3.4838259e-01  -2.1465033e-02
   3.4960811e-01  -1.8415306e-02
   3.3398590e-01  -3.2191324e-02
   3.5479288e-01  -2.7241863e-02
   3.5442584e-01  -1.3866746e-02
   3.4102154e-01  -3.0776881e-02
   3.5317748e-01  -4.1563111e-02
   3.4689840e-01  -2.6094719e-02
   3.3852582e-01  -2.8674678e-02
   3.3419853e-01  -2.1197539e-02
   3.3532005e-01  -2.4472001e-02
   3.3718021e-01  -2.0252063e-02
   3.3637845e-01  -2.1062338e-02
   3.3568017e-01  -3.4702830e-02
   3.3771417e-01  -2.1941496e-02
   3.4625194e-01  -1.6244232e-02
   3.4023090e-01  -1.8128813e-02
   3.4562468e-01  -3.0970432e-02
   3.4260774e-01  -1.6977478e-02
   3.4658306e-01  -3.1305861e-02
   3.3544806e-01  -4.0437697e-02
   3.4899641e-01  -4.1346803e-02
   3.4482205e-01  -3.9630317e-02
   3.3558217e-01  -3.8077950e-02
   3.5474534e-01  -2.7835720e-02
   3.3063082e-01  -2.8310137e-02
   3.5244186e-01  -2.7712677e-02
   3.4314474e-01  -2.1132474e-02
   3.5063238e-01  -4.0126551e-02
   3.4452215e-01  -3.0968181e-02
   3.3971529e-01  -2.8582415e-02
   3.4211198e-01  -3.3883233e-02
   3.5490507e-01  -2.3131807e-02
   3.5260458e-01  -1.8796671e-02
   3.4081975e-01  -2.4303820e-02
   3.4953309e-01  -2.7604495e-02
   3.3924446e-01  -2.4952963e-02
   3.5330675e-01  -3.8983437e-02
   3.4331377e-01  -1.8480507e-02
   3.4559492e-01  -2.5275702e-02
   3.4432071e-01  -3.3076919e-02
   3.4472974e-01  -1.7438477e-02
   3.4612175e-01  -3.3012844e-02
   3.5370233e-01  -3.7842376e-02
   1.6042665e-01  -3.2909090e-02
   1.4199391e-01  -2.2172343e-02
   1.4231268e-01  -2.8606214e-02
   1.5207431e-01  -2.2336254e-02
   1.5069918e-01  -2.8239032e-02
   1.5466199e-01  -2.2179686e-02
   1.5724560e-01  -1.5918682e-02
   1.4827098e-01  -3.7811563e-02
   1.5023461e-01  -1.7448110e-02
   1.4731707e-01  -1.4496077e-02
   1.5772288e-01  -4.3887948e-02
   1.4642160e-01  -2.4549122e-02
   1.4658980e-01  -1.5965212e-02
   1.6037602e-01  -3.2778950e-02
   1.4360732e-01  -3.0137170e-02
   1.5484837e-01  -2.3032604e-02
   1.5005477e-01  -2.7517676e-02
   1.5783145e-01  -3.1422064e-02
   1.6376298e-01  -1.4576464e-02
   1.6504388e-01  -1.2259761e-02
   1.5744421e-01  -1.8668758e-02
   1.6308969e-01  -3.7998898e-02
   1.4310110e-01  -2.3324083e-02
   1.4967567e-01  -1.4031535e-02
   1.5688252e-01  -1.3586393e-02
   1.5280830e-01  -3.5453939e-02
   1.6424167e-01  -2.2569542e-02
   1.5677997e-01  -2.3780584e-02
   1.4642550e-01  -3.2512818e-02
   1.5741836e-01  -1.7101151e-02
   1.4350138e-01  -2.8134678e-02
   1.5947786e-01  -3.0734798e-02
   1.5804023e-01  -2.9188997e-02
   1.4579240e-01  -2.1683540e-02
   1.4770532e-01  -2.7140153e-02
   1.6700885e-01  -1.1974217e-02
   1.4607796e-01  -3.8575958e-02
   1.6401759e-01  -3.9721701e-02
   1.5296341e-01  -1.7559971e-02
   1.5298123e-01  -2.8647110e-02
   1.5752841e-01  -2.0157527e-02
   1.5857205e-01  -3.0671313e-02
   1.5182182e-01  -1.5821215e-02
   1.6349338e-01  -3.1922223e-02
   1.6511996e-01  -3.1839187e-02
   1.5285747e-01  -1.1993718e-02
   1.5512963e-01  -3.6341430e-02
   1.5932937e-01  -3.8282601e-02
   1.5300133e-01  -1.5622405e-02
   1.4508261e-01  -2.2589583e-02
   1.5641801e-01  -2.7010276e-02
   1.4310602e-01  -1.3693637e-02
   1.5363670e-01  -3.2521798e-02
   1.6017973e-01  -2.5477687e-02
   1.6614574e-01  -1.8980769e-02
   1.6113881e-01  -1.5997721e-02
   1.5833982e-01  -1.3286968e-02
   1.6700837e-01  -2.1480310e-02
   1.5283036e-01  -1.1856727e-02
   1.4999944e-01  -1.2989469e-02
   1.5764358e-01  -1.7440379e-02
   1.4275464e-01  -3.5495969e-02
   1.5254108e-01  -2.9599719e-02
   1.5329862e-01  -2.0917077e-02
   1.5957684e-01  -3.7372852e-02
   1.6256286e-01  -3.7569191e-02
   1.5988348e-01  -2.2469327e-02
   1.5758915e-01  -3.8747330e-02
   1.5525423e-01  -1.3684063e-02
   6.4105113e-01  -3.6649462e-02
   6.4547092e-01  -1.2810387e-02
   6.5427041e-01  -2.9990239e-02
   6.4176390e-01  -2.2777563e-02
   6.5377064e-01  -1.7141481e-02
   6.4742034e-01   8.8672175e-03
   6.5312616e-01   5.9869414e-03
   6.4919474e-01   4.3036092e-03
   6.5358333e-01   2.8568826e-02
   6.3736510e-01   1.3579813e-02
   6.5361523e-01   4.4642156e-02
   6.6038108e-01   4.1316906e-02
   6.3851601e-01   3.3492283e-02
   6.4679823e-01   3.7870270e-02
   6.4887298e-01   4.3416152e-02
   6.5252947e-01   7.4674879e-02
   6.5164731e-01   6.0907000e-02
   6.3835841e-01   7.5303142e-02
   6.4297783e-01   7.9495898e-02
   6.5292497e-01   8.7046185e-02
   6.4312254e-01   9.2955479e-02
   6.4586397e-01   9.3684230e-02
   6.5164871e-01   7.5057836e-02
   6.4017343e-01   8.2986608e-02
   6.4754535e-01   9.2100619e-02
   6.4105251e-01   8.9158228e-02
   6.4813980e-01   1.0746319e-01
   6.5733433e-01   9.1630502e-02
   6.4484174e-01   9.7823508e-02
   6.4585843e-01   9.9527409e-02
   6.4662691e-01   8.5744309e-02
   6.6181779e-01   1.0927637e-01
   6.4549476e-01   1.0980124e-01
   6.3914913e-01   1.0856198e-01
   6.6157582e-01   1.0384499e-01
   6.6040516e-01   1.1515549e-01
   6.4693583e-01   1.0065231e-01
   6.6166978e-01   1.1804190e-01
   6.4195291e-01   1.0171642e-01
   6.4882597e-01   9.0715213e-02
   6.4282878e-01   1.0548336e-01
   6.4371445e-01   1.0305596e-01
   6.3627064e-01   1.0761241e-01
   6.5214655e-01   1.0554896e-01
   6.5863117e-01   1.0890635e-01
   6.3883120e-01   1.0979776e-01
   6.4075817e-01   1.1644727e-01
   6.4220895e-01   1.1941682e-01
   6.5399286e-01   9.7546512e-02
   6.5455049e-01   9.4928814e-02
   6.5625860e-01   9.9733096e-02
   6.3830195e-01   1.1447355e-01
   6.5051584e-01   1.0382103e-01
   6.4960869e-01   1.0988084e-01
   6.5474137e-01   9.9216510e-02
   6.4363060e-01   1.0884940e-01
   6.4391349e-01   1.0537203e-01
   6.3711723e-01   9.6469167e-02
   6.4364454e-01   1.2252275e-01
   6.4349519e-01   1.1413198e-01
   6.5898555e-01   1.0405443e-01
   6.5897130e-01   9.5541041e-02
   6.5430505e-01   1.1012456e-01
   6.5962891e-01   1.0286596e-01
   6.4842899e-01   1.1863704e-01
   6.4585468e-01   9.3539235e-02
   6.5992226e-01   1.2257201e-01
   6.4312025e-01   9.7723079e-02
   6.4086766e-01   1.0864153e-01
   9.1374671e-01   9.7998021e-02
   9.1578660e-01   9.9051705e-02
   9.1868718e-01   1.1621881e-01
   9.2833345e-01   1.1975388e-01
   9.0642072e-01   1.5815945e-01
   9.1748833e-01   1.8337681e-01
   9.0607520e-01   2.1910567e-01
   9.1673766e-01   2.2638420e-01
   9.2373938e-01   2.6199092e-01
   9.1764605e-01   2.8884014e-01
   9.1512380e-01   3.2190270e-01
   9.2055839e-01   3.4426042e-01
   9.2755911e-01   3.6351462e-01
   9.2671530e-01   3.6785087e-01
   9.2018460e-01   4.0572978e-01
   9.0437264e-01   4.2064746e-01
   9.2302205e-01   4.2332153e-01
   9.2030762e-01   4.3835604e-01
   9.0735555e-01   4.4814259e-01
   9.1265409e-01   4.7620242e-01
   9.2025676e-01   4.9244796e-01
   9.2542947e-01   4.9424592e-01
   9.2896829e-01   5.0266203e-01
   9.2900667e-01   5.1140779e-01
   9.2527579e-01   5.2993082e-01
   9.0524619e-01   5.3643684e-01
   9.2408352e-01   5.3444928e-01
   9.1383254e-01   5.5103912e-01
   9.1060605e-01   5.4894692e-01
   9.0863732e-01   5.3168720e-01
   9.0692150e-01   5.3379427e-01
   9.2685695e-01   5.5170482e-01
   9.1177276e-01   5.4315172e-01
   9.0580277e-01   5.4946957e-01
   9.2342368e-01   5.5515087e-01
   9.2184815e-01   5.7616483e-01
   9.2866743e-01   5.6405743e-01
   9.1897452e-01   5.7881937e-01
   9.2944014e-01   5.5203824e-01
   9.0987351e-01   5.7955859e-01
   9.1232814e-01   5.8264702e-01
   9.0717961e-01   5.7859414e-01
   9.1653615e-01   5.6539825e-01
   9.0642059e-01   5.7125238e-01
   9.1426299e-01   5.8500363e-01
   9.2773764e-01   5.6273784e-01
   9.0423273e-01   5.6836152e-01
   9.1156507e-01   5.6367112e-01
   9.1941192e-01   5.7974066e-01
   9.2356625e-01   5.7564062e-01
   9.2752029e-01   5.6285873e-01
   9.1994976e-01   5.7003607e-01
   9.2286383e-01   5.7707926e-01
   9.1355540e-01   5.8420269e-01
   9.1424272e-01   5.6581065e-01
   9.1321154e-01   5.8503633e-01
   9.1889314e-01   5.8695572e-01
   9.1895046e-01   5.7536415e-01
   9.2138843e-01   5.7937310e-01
   9.1285592e-01   5.8058448e-01
   9.2906827e-01   5.8526197e-01
   9.0952258e-01   5.8460590e-01
   9.1543582e-01   5.7860226e-01
   9.1224650e-01   5.7887321e-01
   9.2240599e-01   5.8116132e-01
   9.2895459e-01   5.6789086e-01
   9.1493684e-01   5.8131793e-01
   9.2386518e-01   5.7686645e-01
   9.2587703e-01   5.6581428e-01
   3.2194452e-01   5.8796610e-01
   3.1153152e-01   5.7442715e-01
   3.0785162e-01   5.6351015e-01
   3.0690108e-01   5.3510490e-01
   3.1734649e-01   5.2309215e-01
   3.1735360e-01   4.7320352e-01
   3.1496778e-01   4.5552716e-01
   3.0214559e-01   3.9932202e-01
   3.1417867e-01   3.8700681e-01
   3.2289464e-01   3.3972384e-01
   3.0861247e-01   3.1222700e-01
   3.2053421e-01   2.6732121e-01
   3.2581757e-01   2.3988126e-01
   3.2001777e-01   2.3333695e-01
   3.0589925e-01   1.9100870e-01
   3.1516181e-01   1.8826871e-01
   3.0450649e-01   1.3815215e-01
   3.1203512e-01   1.4741910e-01
   3.1582313e-01   1.2962438e-01
   3.1994113e-01   9.2878183e-02
   3.2381058e-01   9.0657498e-02
   3.1109534e-01   7.5439692e-02
   3.2183574e-01   6.3980676e-02
   3.1575456e-01   4.5243592e-02
   3.1465019e-01   2.8718497e-02
   3.0546067e-01   3.7906740e-02
   3.1218946e-01   2.8671608e-02
   3.0378101e-01   1.0985495e-02
   3.2051020e-01   2.4914460e-02
   3.0555007e-01   1.4246260e-02
   3.2312913e-01   1.5571364e-02
   3.1001910e-01  -8.6845549e-03
   3.1272842e-01   3.3827891e-03
   3.0965556e-01   2.5210918e-04
   3.1971397e-01  -1.6855558e-02
   3.0708837e-01  -8.6596632e-03
   3.0180561e-01  -8.3134035e-03
   3.1193261e-01  -1.3457886e-02
   3.2128444e-01  -8.6909889e-03
   3.0665221e-01  -2.0067999e-02
   3.2160483e-01  -3.1644882e-02
   3.0826284e-01  -2.9857676e-02
   3.2600013e-01  -2.1347066e-02
   3.0221880e-01  -3.6820504e-02
   3.0311221e-01  -1.7868320e-02
   3.2453525e-01  -1.4528547e-02
   3.1546234e-01  -2.6612743e-02
   3.0675910e-01  -3.2330259e-02
   3.1429880e-01  -2.0596853e-02
   3.1559183e-01  -2.7188647e-02
   3.0457993e-01  -2.6144831e-02
   3.1365664e-01  -3.0771488e-02
   3.2675045e-01  -3.7979020e-02
   3.0518192e-01  -1.9706174e-02
   3.1168547e-01  -3.0493747e-02
   3.1891074e-01  -2.8793870e-02
   3.2295646e-01  -4.1192111e-02
   3.0288543e-01  -3.3111635e-02
   3.2212122e-01  -3.7070885e-02
   3.1083803e-01  -2.6118846e-02
   3.1068608e-01  -2.0749805e-02
   3.1580129e-01  -2.5447854e-02
   3.1431700e-01  -2.0737256e-02
   3.0972953e-01  -2.0271272e-02
   3.1473657e-01  -1.8400695e-02
   3.1020020e-01  -2.4031642e-02
   3.0808930e-01  -4.4905482e-02
   3.2313552e-01  -4.6691618e-02
   3.1311066e-01  -4.6858187e-02
   7.7207188e-01  -3.1734644e-02
   7.7155757e-01  -3.9671974e-02
   7.6580742e-01  -4.0583851e-02
   7.8077850e-01  -1.6157109e-02
   7.5846619e-01   3.6651556e-04
   7.7634726e-01   3.8100890e-03
   7.5531014e-01   3.6570573e-02
   7.6739652e-01   3.8408289e-02
   7.7290821e-01   6.2788218e-02
   7.5511241e-01   9.2313875e-02
   7.7684714e-01   9.8959529e-02
   7.5893232e-01   1.1602142e-01
   7.8036581e-01   1.1854020e-01
   7.6428039e-01   1.4705586e-01
   7.7816188e-01   1.5093884e-01
   7.7020895e-01   1.4854842e-01
   7.6140871e-01   1.6899062e-01
   7.6188813e-01   1.7741234e-01
   7.5837912e-01   1.8473081e-01
   7.8013417e-01   1.8226908e-01
   7.7188040e-01   1.9564945e-01
   7.5504760e-01   2.1341998e-01
   7.6545055e-01   2.0104535e-01
   7.6045121e-01   2.1824269e-01
   7.7112286e-01   2.2401963e-01
   7.7218723e-01   2.1475544e-01
   7.7489015e-01   2.3451274e-01
   7.7164713e-01   2.3324888e-01
   7.5740297e-01   2.3995985e-01
   7.6543152e-01   2.4784201e-01
   7.5953096e-01   2.5577598e-01
   7.6041025e-01   2.3310443e-01
   7.7656605e-01   2.4256874e-01
   7.5916825e-01   2.4942661e-01
   7.6650268e-01   2.4064173e-01
   7.6385158e-01   2.3906613e-01
   7.5656599e-01   2.4472513e-01
   7.7655758e-01   2.5527069e-01
   7.8042304e-01   2.4276741e-01
   7.6620316e-01   2.5015241e-01
   7.5635863e-01   2.6106492e-01
   7.6735359e-01   2.5670628e-01
   7.7070670e-01   2.6592323e-01
   7.7201412e-01   2.5952314e-01
   7.6800727e-01   2.6602742e-01
   7.7135416e-01   2.6609567e-01
   7.6059223e-01   2.7137053e-01
   7.5922372e-01   2.4387548e-01
   7.6862563e-01   2.5666859e-01
   7.7040271e-01   2.4453503e-01
   7.5959639e-01   2.5174455e-01
   7.6627601e-01   2.5267445e-01
   7.7994109e-01   2.6959621e-01
   7.7953596e-01   2.6688621e-01
   7.7793567e-01   2.6106882e-01
   7.6490054e-01   2.4602165e-01
   7.5677861e-01   2.6098097e-01
   7.7213675e-01   2.6941004e-01
   7.7874652e-01   2.7325461e-01
   7.7939722e-01   2.6339700e-01
   7.7091933e-01   2.6587236e-01
   7.7149370e-01   2.6490917e-01
   7.7307174e-01   2.6256277e-01
   7.6343534e-01   2.6325320e-01
   7.7921347e-01   2.5485819e-01
   7.7845357e-01   2.7218943e-01
   7.7322242e-01   2.5050933e-01
   7.7797442e-01   2.5366163e-01
   7.5680855e-01   2.6318385e-01
  -8.8881882e-01   2.4961545e-01
  -8.8550772e-01   2.6858708e-01
  -8.8445175e-01   2.8348520e-01
  -9.0123174e-01   3.1210642e-01
  -8.9303299e-01   3.4906055e-01
  -8.8881168e-01   3.7851146e-01
  -8.7589514e-01   4.1542815e-01
  -8.8160373e-01   4.5102370e-01
  -8.9963762e-01   5.0226883e-01
  -8.9558248e-01   5.5361194e-01
  -8.7723785e-01   5.8365303e-01
  -8.9535691e-01   6.1757420e-01
  -8.9201161e-01   6.5554619e-01
  -8.9752973e-01   7.0254873e-01
  -8.8660986e-01   7.1275951e-01
  -8.9674439e-01   7.5959813e-01
  -8.9502492e-01   7.7756661e-01
  -8.9820932e-01   8.0154453e-01
  -8.8824282e-01   8.2804836e-01
  -8.8689411e-01   8.3570987e-01
  -8.8129419e-01   8.5072756e-01
  -9.0124873e-01   8.5732254e-01
  -8.7577520e-01   8.9616716e-01
  -8.8327780e-01   9.0001535e-01
  -8.9182228e-01   9.2039436e-01
  -8.8439589e-01   9.3284045e-01
  -8.7610261e-01   9.3374150e-01
  -8.8450344e-01   9.2701119e-01
  -8.9918416e-01   9.4171333e-01
  -8.8122951e-01   9.4524169e-01
  -8.8312190e-01   9.6899958e-01
  -8.9037863e-01   9.6213996e-01
  -8.8084918e-01   9.6904351e-01
  -8.9431830e-01   9.6533107e-01
  -8.8351359e-01   9.7332318e-01
  -8.9654223e-01   9.7605692e-01
  -8.7584070e-01   9.7602746e-01
  -8.7861224e-01   9.7989026e-01
  -8.9707069e-01   9.8684989e-01
  -8.9033973e-01   9.8536220e-01
  -8.9561660e-01   9.7334655e-01
  -8.8546849e-01   9.8062302e-01
  -8.8536951e-01   9.7719314e-01
  -8.7952138e-01   9.8132999e-01
  -9.0023314e-01   9.9574999e-01
  -8.7802468e-01   9.8786230e-01
  -8.8683819e-01   9.8002807e-01
  -8.9418392e-01   9.9970020e-01
  -8.8984062e-01   1.0023255e+00
  -8.9230049e-01   9.8767375e-01
  -8.8713081e-01   9.9268932e-01
  -8.9385644e-01   1.0108277e+00
  -8.8033082e-01   1.0076367e+00
  -8.9955849e-01   9.9512907e-01
  -8.9461204e-01   9.8220372e-01
  -8.9386481e-01   1.0093363e+00
  -8.9867852e-01   9.8470724e-01
  -8.8652742e-01   9.9361724e-01
  -8.9483096e-01   1.0076050e+00
  -8.8204905e-01   9.9834648e-01
  -8.9994270e-01   9.8448105e-01
  -8.9700950e-01   9.8907403e-01
  -8.9471219e-01   1.0063637e+00
  -8.8283392e-01   9.8672042e-01
  -8.8160262e-01   9.8874026e-01
  -8.7894605e-01   1.0109112e+00
  -8.8031852e-01   1.0106646e+00
  -8.9197852e-01   9.8497177e-01
  -8.8390254e-01   9.8434071e-01
  -7.7327819e-01   1.0079313e+00
  -7.8249961e-01   1.0132321e+00
  -7.8364613e-01   9.9457558e-01
  -7.6732741e-01   9.6777177e-01
  -7.7386489e-01   9.7708471e-01
  -7.6830063e-01   9.5694154e-01
  -7.5987652e-01   9.4199836e-01
  -7.6149315e-01   9.0856164e-01
  -7.6936425e-01   8.7653491e-01
  -7.6861005e-01   8.5885448e-01
  -7.6410496e-01   8.4739997e-01
  -7.7147067e-01   8.4989351e-01
  -7.6071408e-01   8.3318937e-01
  -7.7121173e-01   8.0013694e-01
  -7.7739265e-01   7.8847816e-01
  -7.6981231e-01   7.6797072e-01
  -7.8362860e-01   7.7260329e-01
  -7.6130794e-01   7.5496313e-01
  -7.6932318e-01   7.4982217e-01
  -7.7130681e-01   7.3457861e-01
  -7.7296589e-01   7.4399881e-01
  -7.7707058e-01   7.2796370e-01
  -7.6821463e-01   7.2900459e-01
  -7.6755404e-01   7.2870069e-01
  -7.6233818e-01   7.1393097e-01
  -7.6109968e-01   7.1563574e-01
  -7.5885449e-01   7.0704867e-01
  -7.6368152e-01   7.0352572e-01
  -7.6276264e-01   6.8954331e-01
  -7.7871544e-01   6.8513900e-01
  -7.6885015e-01   6.7389709e-01
  -7.6376667e-01   6.9988324e-01
  -7.6554344e-01   6.9264170e-01
  -7.7186390e-01   6.8385761e-01
  -7.7716827e-01   6.9222124e-01
  -7.7427279e-01   6.8444041e-01
  -7.7246925e-01   6.6642300e-01
  -7.7854041e-01   6.6551432e-01
  -7.7627694e-01   6.6370486e-01
  -7.6121302e-01   6.6231229e-01
  -7.5799559e-01   6.8739396e-01
  -7.8054981e-01   6.8745949e-01
  -7.6246607e-01   6.6207474e-01
  -7.7621939e-01   6.6902212e-01
  -7.7333313e-01   6.8063944e-01
  -7.6924417e-01   6.7395855e-01
  -7.7788965e-01   6.6863912e-01
  -7.7352528e-01   6.6254597e-01
  -7.7498361e-01   6.7100268e-01
  -7.6942802e-01   6.7090844e-01
  -7.6678798e-01   6.8269908e-01
  -7.6631311e-01   6.8216008e-01
  -7.6491864e-01   6.6428419e-01
  -7.6986363e-01   6.6212012e-01
  -7.7163065e-01   6.7668961e-01
  -7.6139667e-01   6.7171827e-01
  -7.6680873e-01   6.6098835e-01
  -7.7600773e-01   6.7038131e-01
  -7.7307392e-01   6.7708122e-01
  -7.5955833e-01   6.8242571e-01
  -7.6886635e-01   6.7586014e-01
  -7.6369832e-01   6.5809348e-01
  -7.6222649e-01   6.8136074e-01
  -7.7960033e-01   6.7150767e-01
  -7.6064915e-01   6.6947647e-01
  -7.7398084e-01   6.6073480e-01
  -7.6357792e-01   6.6186530e-01
  -7.7846521e-01   6.5604088e-01
  -7.6821110e-01   6.7807262e-01
   9.6961616e-01   6.6751635e-01
   9.7641237e-01   6.8425906e-01
   9.6867610e-01   6.5900298e-01
   9.5909566e-01   6.8777558e-01
   9.6492187e-01   6.6829777e-01
   9.6817682e-01   6.8216105e-01
   9.6734142e-01   6.7644553e-01
   9.7653346e-01   6.9818347e-01
   9.7397644e-01   6.9140221e-01
   9.7224935e-01   7.0857256e-01
   9.7867544e-01   6.9466197e-01
   9.6703838e-01   7.1455751e-01
   9.6351260e-01   6.9238265e-01
   9.8312081e-01   7.0141032e-01
   9.8247182e-01   7.2378148e-01
   9.8296682e-01   7.1786960e-01
   9.5962672e-01   7.1252572e-01
   9.8127295e-01   7.0569508e-01
   9.7748452e-01   7.2660176e-01
   9.6338909e-01   7.0649089e-01
   9.7903325e-01   7.3445092e-01
   9.7266674e-01   7.1416113e-01
   9.7364722e-01   7.1918857e-01
   9.6176785e-01   7.2520198e-01
   9.6187238e-01   7.3172784e-01
   9.5862088e-01   7.2317469e-01
   9.6907625e-01   7.1944627e-01
   9.8138808e-01   7.3880118e-01
   9.6153930e-01   7.1615084e-01
   9.6961743e-01   7.3165119e-01
   9.6542607e-01   7.1705197e-01
   9.8136668e-01   7.2103134e-01
   9.5761835e-01   7.2558729e-01
   9.6399635e-01   7.2379843e-01
   9.6113194e-01   7.2017271e-01
   9.5779073e-01   7.3733059e-01
   9.7936221e-01   7.4479991e-01
   9.5944254e-01   7.3120087e-01
   9.6161134e-01   7.4206700e-01
   9.6327832e-01   7.2434940e-01
   9.5811567e-01   7.2911643e-01
   9.5914133e-01   7.3419529e-01
   9.5807104e-01   7.3360385e-01
   9.6605710e-01   7.3871765e-01
   9.7775066e-01   7.1978222e-01
   9.7012887e-01   7.4162453e-01
   9.6700332e-01   7.3819385e-01
   9.7204667e-01   7.2790834e-01
   9.6040065e-01   7.4295677e-01
   9.7615145e-01   7.2092419e-01
   9.7839333e-01   7.4105932e-01
   9.6805940e-01   7.4383874e-01
   9.7890034e-01   7.2579986e-01
   9.7518469e-01   7.4184877e-01
   9.8325977e-01   7.2556546e-01
   9.6580392e-01   7.2000813e-01
   9.6185903e-01   7.2779716e-01
   9.5962145e-01   7.3233465e-01
   9.5754241e-01   7.4626515e-01
   9.8186331e-01   7.4410952e-01
   9.7530606e-01   7.2470838e-01
   9.6137058e-01   7.4389341e-01
   9.6962329e-01   7.3185569e-01
   9.6059708e-01   7.2661659e-01
   9.6096625e-01   7.3612837e-01
   9.6662094e-01   7.4385715e-01
   9.6053813e-01   7.2577032e-01
   9.7089208e-01   7.2828587e-01
   9.7401997e-01   7.4246416e-01
  -1.0764446e-01   7.1955260e-01
  -1.3206076e-01   7.3942503e-01
  -1.2150113e-01   7.0983588e-01
  -1.1189254e-01   6.8350487e-01
  -1.2143142e-01   6.6887458e-01
  -1.1776939e-01   6.1880497e-01
  -1.1643254e-01   5.8494909e-01
  -1.1331399e-01   5.3558337e-01
  -1.2834126e-01   4.9274884e-01
  -1.2384518e-01   4.6115558e-01
  -1.1187074e-01   4.2872497e-01
  -1.0962258e-01   3.7978169e-01
  -1.1514807e-01   3.7151681e-01
  -1.3121328e-01   3.2099364e-01
  -1.3018354e-01   2.8541947e-01
  -1.1169177e-01   2.7692543e-01
  -1.0804266e-01   2.5258722e-01
  -1.2472693e-01   2.1379946e-01
  -1.1544618e-01   2.0215104e-01
  -1.2066261e-01   1.8471055e-01
  -1.3213201e-01   1.7180823e-01
  -1.1431823e-01   1.6053643e-01
  -1.2697914e-01   1.2841757e-01
  -1.0691970e-01   1.1349089e-01
  -1.2911853e-01   1.2903393e-01
  -1.2079874e-01   1.0042179e-01
  -1.2996813e-01   8.5515504e-02
  -1.1217131e-01   8.0040606e-02
  -1.2043651e-01   8.9109561e-02
  -1.2262914e-01   6.7455341e-02
  -1.2401864e-01   6.3419531e-02
  -1.2913336e-01   7.2296510e-02
  -1.1784959e-01   6.1205454e-02
  -1.0805542e-01   4.3476275e-02
  -1.1540810e-01   4.1988793e-02
  -1.3049567e-01   3.9859539e-02
  -1.2465306e-01   3.5394554e-02
  -1.1800895e-01   3.8990243e-02
  -1.0874453e-01   4.5042321e-02
  -1.2371453e-01   5.5964031e-02
  -1.0909027e-01   3.8734660e-02
  -1.2920813e-01   3.8754811e-02
  -1.1694110e-01   4.2167134e-02
  -1.1800861e-01   4.2728642e-02
  -1.0938549e-01   4.4106946e-02
  -1.3002132e-01   3.1383720e-02
  -1.2775210e-01   2.7641619e-02
  -1.1513979e-01   4.7353585e-02
  -1.1570557e-01   2.2435419e-02
  -1.1814227e-01   2.4730693e-02
  -1.0959612e-01   4.3584283e-02
  -1.2398201e-01   2.4554803e-02
  -1.3167986e-01   2.2586695e-02
  -1.2734258e-01   1.9179245e-02
  -1.1790181e-01   3.6860367e-02
  -1.1520054e-01   2.2400108e-02
  -1.2138057e-01   3.4102254e-02
  -1.2004826e-01   4.0284952e-02
  -1.1371144e-01   2.0037758e-02
  -1.1558908e-01   2.5339373e-02
  -1.2612040e-01   2.4840956e-02
  -1.1765432e-01   1.9308095e-02
  -1.1774067e-01   2.1140212e-02
  -1.1978359e-01   2.3996137e-02
  -1.1123208e-01   4.3594481e-02
  -1.2004585e-01   2.7110817e-02
  -1.0982559e-01   4.2352839e-02
  -1.0998110e-01   4.2814037e-02
  -1.3044890e-01   3.9252601e-02
  -4.6614015e-01   3.0408989e-02
  -4.7724406e-01   3.4880833e-02
  -4.7508997e-01   3.8263249e-02
  -4.7294857e-01   5.2939084e-02
  -4.6632512e-01   5.2977389e-02
  -4.7818797e-01   5.4072882e-02
  -4.9097110e-01   5.5899435e-02
  -4.6837379e-01   7.6621948e-02
  -4.7697163e-01   9.7651333e-02
  -4.7966397e-01   1.0869859e-01
  -4.6935284e-01   1.0649665e-01
  -4.6760186e-01   1.0902196e-01
  -4.6882533e-01   1.2432886e-01
  -4.8072205e-01   1.3620694e-01
  -4.8772167e-01   1.4685462e-01
  -4.8499638e-01   1.4491172e-01
  -4.7628518e-01   1.7276523e-01
  -4.7798621e-01   1.5859027e-01
  -4.8431481e-01   1.5888295e-01
  -4.8223234e-01   1.6377003e-01
  -4.8853591e-01   1.7805830e-01
  -4.8107572e-01   1.8467323e-01
  -4.8312231e-01   1.9404187e-01
  -4.7680602e-01   1.8841810e-01
  -4.6900077e-01   1.8213832e-01
  -4.7756881e-01   2.0743985e-01
  -4.6800096e-01   2.0201325e-01
  -4.6926494e-01   1.9653247e-01
  -4.8099714e-01   1.9790246e-01
  -4.8334846e-01   1.9721462e-01
  -4.7609059e-01   2.0750808e-01
  -4.7224283e-01   2.1694877e-01
  -4.6844336e-01   2.0707698e-01
  -4.6718255e-01   2.0223212e-01
  -4.7651071e-01   2.2623896e-01
  -4.8452239e-01   2.1524338e-01
  -4.8692680e-01   2.2616831e-01
  -4.8364180e-01   2.2004628e-01
  -4.7091436e-01   2.1076453e-01
  -4.7497759e-01   2.1195155e-01
  -4.7770870e-01   2.1697850e-01
  -4.8717064e-01   2.1334667e-01
  -4.6780216e-01   2.2182041e-01
  -4.6718651e-01   2.0848530e-01
  -4.8267666e-01   2.1518511e-01
  -4.7678660e-01   2.1842895e-01
  -4.8280565e-01   2.2290285e-01
  -4.7091549e-01   2.1893214e-01
  -4.8774991e-01   2.0879524e-01
  -4.7875646e-01   2.1261489e-01
  -4.8537181e-01   2.1478239e-01
  -4.9137347e-01   2.0793552e-01
  -4.7356354e-01   2.3320572e-01
  -4.8780309e-01   2.3104488e-01
  -4.8269769e-01   2.1701298e-01
  -4.6916003e-01   2.0585081e-01
  -4.8559571e-01   2.3192962e-01
  -4.7566009e-01   2.1856128e-01
  -4.8589002e-01   2.1946162e-01
  -4.7767101e-01   2.2326800e-01
  -4.8051991e-01   2.0590867e-01
  -4.7667745e-01   2.2188899e-01
  -4.7917883e-01   2.1673366e-01
  -4.8911353e-01   2.2858977e-01
  -4.7281268e-01   2.2561795e-01
  -4.6897332e-01   2.2275103e-01
  -4.8466143e-01   2.2828216e-01
  -4.7955149e-01   2.1776448e-01
  -4.7167634e-01   2.3063379e-01
  -4.4488740e-01   2.3316254e-01
  -4.5731456e-01   2.1800119e-01
  -4.5415827e-01   2.2860334e-01
  -4.6534481e-01   2.1503878e-01
  -4.5643163e-01   2.2326134e-01
  -4.5107744e-01   2.1101049e-01
  -4.6101128e-01   2.0837815e-01
  -4.5964164e-01   2.2293212e-01
  -4.5912848e-01   2.0622632e-01
  -4.5652474e-01   2.2069177e-01
  -4.4976041e-01   2.1377354e-01
  -4.4485598e-01   1.9607538e-01
  -4.6727875e-01   1.9837461e-01
  -4.5658394e-01   1.9990728e-01
  -4.4922760e-01   2.1381674e-01
  -4.6604789e-01   1.9530446e-01
  -4.5636231e-01   2.1289303e-01
  -4.5551411e-01   1.9963321e-01
  -4.6180986e-01   1.9100674e-01
  -4.5428079e-01   2.0813667e-01
  -4.4442647e-01   1.9061767e-01
  -4.5595421e-01   2.1049894e-01
  -4.6904682e-01   1.8883707e-01
  -4.4883933e-01   2.0244647e-01
  -4.5520249e-01   1.9208166e-01
  -4.5708508e-01   1.9841183e-01
  -4.6206229e-01   1.9702374e-01
  -4.6256715e-01   1.9803439e-01
  -4.6200460e-01   2.1339832e-01
  -4.6504022e-01   2.1568089e-01
  -4.5319249e-01   2.0070205e-01
  -4.5299735e-01   2.1441379e-01
  -4.6136695e-01   1.9218783e-01
  -4.5111245e-01   1.8732095e-01
  -4.5907547e-01   2.1189510e-01
  -4.6096795e-01   1.8717553e-01
  -4.6928874e-01   2.0993177e-01
  -4.5986447e-01   2.0247598e-01
  -4.4836854e-01   2.0460398e-01
  -4.4951372e-01   2.0919147e-01
  -4.6882737e-01   1.8728829e-01
  -4.6687789e-01   2.1078296e-01
  -4.5355876e-01   2.1060241e-01
  -4.4617809e-01   1.9769638e-01
  -4.6495775e-01   1.9881127e-01
  -4.6157295e-01   2.0613054e-01
  -4.6427601e-01   1.8758675e-01
  -4.6943585e-01   1.8628439e-01
  -4.5384135e-01   2.0616090e-01
  -4.6810304e-01   1.9569054e-01
  -4.4408863e-01   1.9146587e-01
  -4.5090069e-01   2.0020424e-01
  -4.5160840e-01   1.8996778e-01
  -4.6054942e-01   1.9480467e-01
  -4.6122686e-01   2.1391864e-01
  -4.6301650e-01   2.0993442e-01
  -4.5430251e-01   2.0238776e-01
  -4.6484369e-01   1.9960516e-01
  -4.5913364e-01   2.0242972e-01
  -4.6930367e-01   1.9416510e-01
  -4.5559099e-01   2.1058869e-01
  -4.6210300e-01   2.0667811e-01
  -4.5231287e-01   2.0696016e-01
  -4.5808653e-01   2.0607565e-01
  -4.6069184e-01   1.8618758e-01
  -4.4909986e-01   2.0487431e-01
  -4.6774586e-01   1.8883118e-01
  -4.6668601e-01   2.0268851e-01
  -4.5202517e-01   2.0353247e-01
  -2.0684708e-01   2.0485359e-01
  -2.1368330e-01   2.0992724e-01
  -2.1070530e-01   1.8835861e-01
  -2.0194362e-01   1.9632315e-01
  -2.1923494e-01   1.8601437e-01
  -2.1085266e-01   1.8211924e-01
  -2.2198599e-01   1.6751832e-01
  -2.1455307e-01   1.5497154e-01
  -2.0409152e-01   1.4648712e-01
  -2.2095717e-01   1.5649779e-01
  -2.0652983e-01   1.4552333e-01
  -1.9898063e-01   1.2759222e-01
  -2.1547149e-01   1.3999816e-01
  -1.9806355e-01   1.1998625e-01
  -2.1399498e-01   1.2272186e-01
  -2.0098342e-01   1.1178288e-01
  -2.0882982e-01   1.1413568e-01
  -2.0308998e-01   1.0247589e-01
  -2.1500456e-01   9.5462805e-02
  -2.0659435e-01   8.2671704e-02
  -2.1755807e-01   7.2044720e-02
  -2.1628403e-01   8.9780800e-02
  -1.9680078e-01   8.4378946e-02
  -2.0536638e-01   9.1775313e-02
  -2.1431410e-01   7.7769599e-02
  -2.1749858e-01   7.3481831e-02
  -2.1862911e-01   6.1795314e-02
  -2.0274402e-01   6.7832806e-02
  -2.0871420e-01   6.2158511e-02
  -2.0825094e-01   6.0496297e-02
  -1.9763563e-01   8.2455252e-02
  -2.2032523e-01   5.3997827e-02
  -2.1048453e-01   6.9870790e-02
  -2.0923552e-01   7.6097166e-02
  -1.9973387e-01   7.5296075e-02
  -2.1747263e-01   5.6461506e-02
  -2.0976834e-01   6.5158144e-02
  -2.0111070e-01   6.1475881e-02
  -2.2215385e-01   7.1655174e-02
  -2.1273466e-01   6.2823028e-02
  -2.0511588e-01   4.7741558e-02
  -2.0345361e-01   4.9959374e-02
  -2.0731527e-01   5.6879557e-02
  -2.0384837e-01   5.7844926e-02
  -1.9769767e-01   4.9128640e-02
  -2.0877148e-01   6.3029301e-02
  -2.1585688e-01   4.5644281e-02
  -2.1461777e-01   6.4710372e-02
  -2.1802592e-01   6.2577504e-02
  -1.9704871e-01   7.0000755e-02
  -1.9731145e-01   6.7892895e-02
  -2.1778252e-01   6.2271173e-02
  -2.2101773e-01   5.5900706e-02
  -2.1196940e-01   6.9253112e-02
  -1.9971441e-01   4.4907842e-02
  -2.1832903e-01   4.8398380e-02
  -2.0321079e-01   5.5187225e-02
  -2.1719078e-01   7.2217004e-02
  -2.0565304e-01   6.7790621e-02
  -2.0022110e-01   6.8698834e-02
  -2.0570717e-01   6.6835069e-02
  -2.1831207e-01   4.7792297e-02
  -2.1081913e-01   5.9906453e-02
  -2.1798625e-01   5.7022838e-02
  -2.0220329e-01   5.0489888e-02
  -2.1723643e-01   4.8963720e-02
  -2.1021097e-01   5.5577566e-02
  -2.1513480e-01   5.2325705e-02
  -2.0172687e-01   5.1342876e-02
  -1.2333130e-01   5.8747055e-02
  -1.0950362e-01   5.2050220e-02
  -1.1314436e-01   5.4101754e-02
  -1.0579508e-01   6.1966302e-02
  -1.1947777e-01   6.4230282e-02
  -1.0026032e-01   5.8470655e-02
  -1.0129981e-01   5.7503983e-02
  -1.0590313e-01   4.8739658e-02
  -1.0432659e-01   6.0629488e-02
  -1.0152467e-01   5.3622469e-02
  -1.0183402e-01   4.7711428e-02
  -1.0160600e-01   3.1018639e-02
  -1.2352337e-01   5.6328130e-02
  -1.0246093e-01   5.5074180e-02
  -1.1451317e-01   4.4819370e-02
  -1.2189268e-01   4.1172880e-02
  -1.1579510e-01   4.7283046e-02
  -1.0264557e-01   4.8215089e-02
  -1.0990487e-01   2.3853372e-02
  -1.0180636e-01   2.2026474e-02
  -1.2488182e-01   4.3664171e-02
  -1.2378515e-01   3.9055110e-02
  -1.0643415e-01   3.9407052e-02
  -1.0998727e-01   2.5556222e-02
  -1.1684942e-01   2.2631921e-02
  -1.1498161e-01   3.6534138e-02
  -1.1716458e-01   4.5789656e-02
  -1.1630809e-01   3.7537649e-02
  -1.2372568e-01   3.2007515e-02
  -1.2344622e-01   4.2501847e-02
  -1.0683286e-01   1.8294184e-02
  -1.0560963e-01   2.2108547e-02
  -1.1312194e-01   2.8805324e-02
  -1.2522621e-01   2.5943199e-02
  -1.0369090e-01   1.3940869e-02
  -1.0047388e-01   1.5733706e-02
  -1.1379215e-01   2.8552340e-02
  -1.0450894e-01   3.8148016e-02
  -1.2100873e-01   2.8930783e-02
  -1.1174341e-01   2.4460043e-02
  -1.0928420e-01   2.1229603e-02
  -1.2190005e-01   2.2826859e-02
  -1.1093419e-01   1.8787755e-02
  -1.0259908e-01   1.5673441e-02
  -1.2135220e-01   3.7331612e-02
  -1.2523187e-01   3.6117614e-02
  -1.0799910e-01   1.9024448e-02
  -1.2526425e-01   3.1353633e-02
  -1.0780104e-01   4.0137191e-02
  -1.1218703e-01   2.8575906e-02
  -1.2245283e-01   3.1265933e-02
  -1.1122103e-01   2.0232246e-02
  -1.0546608e-01   2.6080145e-02
  -1.2530484e-01   2.9072471e-02
  -1.0333583e-01   3.8763597e-02
  -1.0512440e-01   3.8548018e-02
  -1.1370506e-01   3.0821464e-02
  -1.1742475e-01   3.1165114e-02
  -1.2200614e-01   3.8801140e-02
  -1.2280497e-01   2.7210355e-02
  -1.1326668e-01   1.3387585e-02
  -1.0683066e-01   4.2030392e-02
  -1.0273506e-01   1.7727873e-02
  -1.2162805e-01   3.1960898e-02
  -1.1376277e-01   2.5829204e-02
  -1.2541743e-01   3.4216668e-02
  -1.0514119e-01   4.2500466e-02
  -1.1477323e-01   1.8578646e-02
  -1.2381283e-01   4.0908093e-02
  -9.5516149e-01   2.6623712e-02
  -9.4335704e-01   3.0912345e-02
  -9.5133255e-01   5.3319824e-02
  -9.6162033e-01   8.8851029e-02
  -9.5417915e-01   1.6753981e-01
  -9.4915782e-01   2.1645376e-01
  -9.6223616e-01   2.7195465e-01
  -9.6644657e-01   3.6669345e-01
  -9.6021787e-01   4.2407568e-01
  -9.5154038e-01   4.7900732e-01
  -9.6251887e-01   5.5204120e-01
  -9.5413510e-01   6.1618295e-01
  -9.4504556e-01   6.8824779e-01
  -9.6377216e-01   7.3568250e-01
  -9.4975100e-01   7.8132002e-01
  -9.5333248e-01   8.2223878e-01
  -9.6000880e-01   8.6997648e-01
  -9.6464554e-01   8.9446900e-01
  -9.5541917e-01   9.4097076e-01
  -9.5775731e-01   9.7180624e-01
  -9.5053131e-01   1.0058182e+00
  -9.4636599e-01   1.0169151e+00
  -9.4801820e-01   1.0566424e+00
  -9.5833510e-01   1.0867695e+00
  -9.4800993e-01   1.0910072e+00
  -9.5262288e-01   1.0975769e+00
  -9.4395676e-01   1.1218577e+00
  -9.4798752e-01   1.1486940e+00
  -9.4707288e-01   1.1602049e+00
  -9.5587693e-01   1.1704279e+00
  -9.5172387e-01   1.1857343e+00
  -9.4628220e-01   1.1701440e+00
  -9.4764180e-01   1.1983234e+00
  -9.6513067e-01   1.1951868e+00
  -9.5921173e-01   1.1977396e+00
  -9.5243700e-01   1.2004780e+00
  -9.4556869e-01   1.2182355e+00
  -9.4946223e-01   1.2153244e+00
  -9.5923464e-01   1.2244085e+00
  -9.6126598e-01   1.2247552e+00
  -9.4994075e-01   1.2260668e+00
  -9.6830510e-01   1.2293284e+00
  -9.5756451e-01   1.2185479e+00
  -9.5926740e-01   1.2204996e+00
  -9.5700500e-01   1.2259417e+00
  -9.4347663e-01   1.2423548e+00
  -9.6046698e-01   1.2304729e+00
  -9.6254036e-01   1.2491947e+00
  -9.4865712e-01   1.2460954e+00
  -9.6789772e-01   1.2482492e+00
  -9.4826262e-01   1.2384832e+00
  -9.4577345e-01   1.2385138e+00
  -9.5018792e-01   1.2483411e+00
  -9.4726094e-01   1.2303325e+00
  -9.5787725e-01   1.2275123e+00
  -9.5584168e-01   1.2256927e+00
  -9.6178370e-01   1.2363860e+00
   6.1104838e-01   1.2390693e+00
