  -8.0795104e-01   7.5357316e-01
  -6.0122724e-01   3.3600832e-01
   2.1410994e-01  -5.0216589e-02
   4.1942191e-01  -1.1580883e-02
   7.8105503e-01   2.9991268e-01
   2.0528304e-01   5.3588737e-03
   7.2490678e-01   1.6678257e-01
   3.5191440e-01  -3.0036299e-02
   5.6999701e-01   3.6497073e-02
   7.3296348e-02  -4.0107458e-02
  -9.9110513e-01   1.4148048e+00
  -6.0277773e-01   3.9002896e-01
  -1.2255063e-01   1.9190902e-02
   1.1658251e-01  -3.9133601e-02
  -2.2974101e-01   6.5116189e-02
   2.9371724e-01  -5.6193338e-02
   1.7134822e-01  -6.2067241e-02
   5.3266205e-01   1.1516630e-02
  -6.5073057e-01   4.1143919e-01
   6.2293455e-03  -2.7007806e-02
  -2.3465013e-01   8.3234766e-02
   9.5439652e-01   7.2972529e-01
   8.7216723e-01   4.3210881e-01
   7.8547390e-01   3.2945963e-01
  -1.1294070e-01   3.4712641e-02
   5.0305318e-01  -2.2949416e-02
   8.1880630e-01   3.6989568e-01
  -2.5336434e-01   9.1889294e-02
  -7.6741875e-01   6.4469214e-01
   5.0242028e-02  -7.8168725e-03
  -3.1774973e-01   5.9710568e-02
   6.9880565e-01   1.1439717e-01
  -6.2753691e-01   4.2648972e-01
  -5.8251003e-01   2.9441022e-01
   6.0861847e-02   6.9790803e-03
  -8.3142957e-01   8.5311959e-01
  -5.1846084e-01   2.8798322e-01
   2.6910526e-01  -1.3123625e-02
  -7.7784823e-01   7.3083696e-01
   2.1468935e-01  -5.1926178e-02
   7.7951518e-01   3.2796397e-01
  -1.8628659e-02   9.5013091e-03
  -3.7298455e-01   1.5475167e-01
   5.2428077e-01   6.2197700e-02
   9.0905273e-01   5.2769894e-01
   2.9176756e-01   1.4078296e-02
  -2.9360884e-02  -2.6454062e-02
  -1.2363626e-01   7.5025677e-02
  -6.2723588e-01   4.4188041e-01
  -1.1373141e-01  -4.4351251e-03
  -2.3760399e-02  -3.9360165e-02
   7.2226292e-01   1.6895358e-01
   4.3291175e-01  -1.1864906e-02
   2.4066535e-01  -5.7095729e-03
  -8.2045273e-01   8.0563553e-01
  -7.7647706e-01   6.6450412e-01
   1.5117857e-01  -3.2229067e-02
  -7.6685072e-02   5.2290720e-02
   9.0898671e-02  -4.3908551e-03
  -9.2397548e-01   1.0996490e+00
   1.5857236e-01  -2.4991442e-02
   2.5795575e-01   4.9938221e-03
  -3.6145242e-02  -2.4517610e-02
  -6.7894603e-01   5.1280449e-01
   5.0875776e-01  -2.1635929e-02
   5.8699191e-01   1.5361028e-02
  -4.1726149e-01   1.2257800e-01
   1.5216605e-02  -5.2151248e-02
  -5.2401512e-01   3.1144216e-01
  -6.1463075e-01   4.1641793e-01
   6.1739418e-01   3.4189091e-02
  -8.6665343e-01   9.4670752e-01
  -6.0827507e-01   4.1619946e-01
   9.4956374e-01   6.4144606e-01
   1.5018088e-01  -6.7036619e-02
   1.6642719e-01  -4.1449715e-02
   9.0004330e-01   5.5510437e-01
  -7.9992159e-01   7.5121330e-01
   7.5746763e-01   2.3799062e-01
   7.8290123e-01   3.2538847e-01
  -5.7192645e-01   2.7045033e-01
  -6.6609500e-01   4.5945265e-01
   2.9225098e-01  -6.9620542e-02
  -6.3931290e-01   4.1517069e-01
  -7.6690000e-01   6.6711624e-01
  -2.6933191e-01   9.7930802e-02
  -1.9524984e-01   2.4745350e-02
  -8.2038022e-01   7.7908095e-01
   3.6753615e-01  -4.6173076e-02
   9.3788493e-02  -5.9705677e-03
   9.7191753e-01   7.4798208e-01
  -5.7450085e-01   3.4216420e-01
   8.3798106e-01   3.5466265e-01
   3.3032332e-01  -1.7308363e-02
   4.8695656e-01   2.7879257e-02
  -2.4308518e-01   6.1995959e-02
  -5.0463340e-02   1.0806183e-03
  -7.8747656e-01   7.2886806e-01
   7.6756825e-01   2.3252401e-01
  -1.0979353e-01   7.1836734e-02
   3.3645668e-01  -6.8513115e-02
   4.5643161e-01  -8.5950487e-03
  -4.2871341e-01   1.3221041e-01
   1.8737349e-01  -4.8239317e-02
  -2.5893951e-01   6.1306148e-02
   5.9127526e-01   1.0357114e-01
  -8.5293102e-01   8.5864286e-01
   9.8547526e-01   7.8226328e-01
   5.5205875e-01   2.7292884e-02
  -9.8525909e-01   1.3960181e+00
   7.7789684e-01   2.2741884e-01
   7.2824995e-01   2.2911047e-01
   3.9518748e-01  -2.0606212e-02
   7.6998417e-01   2.1720098e-01
  -6.8710906e-02   1.7356925e-02
  -2.5688310e-01   7.2802175e-02
  -8.3395679e-01   8.3187907e-01
   9.9443711e-01   8.2971305e-01
   7.3965972e-01   2.1684075e-01
  -9.9985948e-01   1.4515638e+00
   3.5995344e-01   1.4543386e-02
   3.0976013e-01  -3.6778680e-03
  -1.7637392e-01   4.1266725e-02
  -4.7263260e-02  -3.0285483e-02
  -2.2345799e-01   1.0791575e-01
  -9.5885905e-02   1.0939119e-02
  -9.4648032e-01   1.2324951e+00
  -1.4942723e-01   6.9103149e-02
  -7.8838942e-01   7.4233994e-01
  -9.1377747e-01   1.0954521e+00
   1.1224442e-01  -3.7804556e-02
   2.2257409e-01  -7.4176575e-03
   4.7766451e-01  -4.8707225e-03
  -4.8616145e-01   2.2841567e-01
   4.5251787e-01  -1.2946304e-02
   4.2650587e-01  -2.5673799e-02
   7.5290436e-03  -3.3982297e-02
   7.8553916e-01   2.6667577e-01
   5.5877041e-01   7.4639549e-02
  -1.0279671e-02   3.9599721e-02
   5.2301433e-01   1.5988849e-02
   3.3408941e-01  -2.1637881e-02
   9.5622442e-01   7.1138578e-01
  -7.6585831e-01   6.2187766e-01
   7.3864651e-01   2.2315423e-01
   1.3571043e-01  -5.4096535e-02
  -7.5969748e-01   6.0005299e-01
   9.4065884e-01   5.9944845e-01
   6.7993329e-01   1.8413007e-01
  -8.7536671e-01   9.5907689e-01
  -4.4385489e-01   1.5501394e-01
  -1.8074003e-01   6.3638485e-02
   2.5361753e-01  -2.5343142e-02
   8.3820619e-01   3.6972052e-01
  -1.6969662e-01   6.2472736e-02
   4.2300032e-01  -2.9212362e-02
   9.4174950e-01   6.1819948e-01
  -1.2905595e-01   6.5968176e-03
   2.7076389e-01  -4.5454130e-02
   8.0311010e-01   2.7318392e-01
   7.4316738e-01   2.0605839e-01
  -7.1456814e-01   5.5290093e-01
  -5.9880489e-01   3.6120361e-01
   2.4185600e-01  -7.6599430e-02
   5.5005838e-01   3.9842793e-02
  -5.0637797e-01   2.4404127e-01
  -2.6109558e-01   9.6261371e-02
  -3.1780509e-01   1.3587308e-01
  -8.7220995e-02  -1.0223260e-02
  -6.5835258e-01   4.9156294e-01
   4.9121193e-01   6.2180483e-03
  -8.0404416e-01   7.9308773e-01
   7.8053883e-01   2.9467164e-01
  -8.3581167e-01   8.0335219e-01
   5.6304530e-01  -5.2505912e-03
   6.9735567e-01   1.1191830e-01
  -9.8245239e-02  -6.6194143e-03
   2.1065054e-01  -2.8666058e-02
  -2.9105992e-01   5.8576372e-02
   5.1819091e-01  -2.8020828e-02
   1.7888171e-01  -2.3169044e-02
   2.2313992e-01   1.5840453e-02
   6.8634131e-01   1.1370712e-01
  -8.6024192e-02  -1.3883639e-02
   7.6557943e-01   2.2194306e-01
  -1.2854701e-02  -3.9372861e-02
   2.4570130e-01  -1.1600931e-02
   1.2433021e-01  -2.7417925e-02
   4.4332175e-01  -1.2640150e-02
   9.3539815e-02  -6.9130549e-03
   5.6888283e-01   8.1572715e-02
  -1.0729477e-01  -1.1561502e-02
   8.2381593e-01   3.3831584e-01
  -8.2682590e-01   7.6900281e-01
   9.9787471e-01   7.8995173e-01
   4.5516219e-01  -5.3346348e-02
   1.1681335e-01  -5.2463871e-02
  -7.1435174e-01   5.7413524e-01
   6.7527386e-01   1.7474680e-01
   4.5049469e-01  -9.7391114e-03
